91537 0.249999999256 277.701973786 2.20483364864 [Gyr]
113843 0.249999999256 297.330149312 2.20483364864 [Gyr]
39304 0.249999999256 212.058278041 2.20483364864 [Gyr]
127707 0.249999999256 280.274944736 2.20483364864 [Gyr]
110054 0.249999999256 247.018489908 2.20483364864 [Gyr]
57105 0.249999999256 111.808277752 2.20483364864 [Gyr]
57838 0.249999999256 198.296143885 2.20483364864 [Gyr]
24236 0.249999999256 368.396693621 2.20483364864 [Gyr]
126813 0.249999999256 278.938773266 2.20483364864 [Gyr]
110189 0.249999999256 324.355353912 2.20483364864 [Gyr]
113239 0.249999999256 304.332630607 2.20483364864 [Gyr]
24997 0.249999999256 175.79385043 2.20483364864 [Gyr]
24176 0.249999999256 302.242146212 2.20483364864 [Gyr]
17290 0.249999999256 308.528242772 2.20483364864 [Gyr]
94917 0.249999999256 275.949930422 2.20483364864 [Gyr]
116078 0.249999999256 285.394041508 2.20483364864 [Gyr]
24914 0.249999999256 263.616696969 2.20483364864 [Gyr]
66691 0.249999999256 161.776029105 2.20483364864 [Gyr]
74540 0.249999999256 174.401483041 2.20483364864 [Gyr]
90917 0.249999999256 318.038414066 2.20483364864 [Gyr]
13183 0.249999999256 231.692301936 2.20483364864 [Gyr]
97112 0.249999999256 136.26772701 2.20483364864 [Gyr]
24299 0.249999999256 371.992092223 2.20483364864 [Gyr]
80303 0.249999999256 166.091148605 2.20483364864 [Gyr]
75033 0.249999999256 114.389510353 2.20483364864 [Gyr]
94785 0.249999999256 232.678621079 2.20483364864 [Gyr]
116332 0.249999999256 317.234387819 2.20483364864 [Gyr]
91861 0.249999999256 236.654162892 2.20483364864 [Gyr]
49450 0.249999999256 306.835958162 2.20483364864 [Gyr]
95335 0.249999999256 162.877763389 2.20483364864 [Gyr]
121844 0.249999999256 329.137880535 2.20483364864 [Gyr]
52066 0.249999999256 342.450155331 2.20483364864 [Gyr]
66866 0.249999999256 300.178295884 2.20483364864 [Gyr]
100932 0.249999999256 99.2773897616 2.20483364864 [Gyr]
123200 0.249999999256 291.888929309 2.20483364864 [Gyr]
91703 0.249999999256 132.078636264 2.20483364864 [Gyr]
110671 0.249999999256 230.941622332 2.20483364864 [Gyr]
91537 0.259999998865 440.481788619 2.33634681236 [Gyr]
113843 0.259999998865 431.829868292 2.33634681236 [Gyr]
39304 0.259999998865 334.346785708 2.33634681236 [Gyr]
127707 0.259999998865 416.80914887 2.33634681236 [Gyr]
110054 0.259999998865 413.291849147 2.33634681236 [Gyr]
57105 0.259999998865 246.664322937 2.33634681236 [Gyr]
57838 0.259999998865 355.635106861 2.33634681236 [Gyr]
24236 0.259999998865 394.04071317 2.33634681236 [Gyr]
126813 0.259999998865 424.834063978 2.33634681236 [Gyr]
110189 0.259999998865 480.831134641 2.33634681236 [Gyr]
113239 0.259999998865 451.640287717 2.33634681236 [Gyr]
24997 0.259999998865 251.635246133 2.33634681236 [Gyr]
24176 0.259999998865 332.343338491 2.33634681236 [Gyr]
17290 0.259999998865 144.141650455 2.33634681236 [Gyr]
94917 0.259999998865 448.180741253 2.33634681236 [Gyr]
116078 0.259999998865 361.083967824 2.33634681236 [Gyr]
24914 0.259999998865 328.223862187 2.33634681236 [Gyr]
66691 0.259999998865 86.6965920496 2.33634681236 [Gyr]
74540 0.259999998865 314.784134884 2.33634681236 [Gyr]
90917 0.259999998865 457.204863574 2.33634681236 [Gyr]
13183 0.259999998865 188.871005194 2.33634681236 [Gyr]
97112 0.259999998865 276.086607499 2.33634681236 [Gyr]
24299 0.259999998865 395.247412277 2.33634681236 [Gyr]
80303 0.259999998865 252.464519098 2.33634681236 [Gyr]
75033 0.259999998865 309.222097895 2.33634681236 [Gyr]
94785 0.259999998865 399.680296026 2.33634681236 [Gyr]
116332 0.259999998865 399.690379601 2.33634681236 [Gyr]
91861 0.259999998865 409.820342411 2.33634681236 [Gyr]
49450 0.259999998865 134.378804804 2.33634681236 [Gyr]
95335 0.259999998865 309.516372421 2.33634681236 [Gyr]
121844 0.259999998865 514.237263783 2.33634681236 [Gyr]
52066 0.259999998865 143.596290908 2.33634681236 [Gyr]
66866 0.259999998865 140.910357583 2.33634681236 [Gyr]
100932 0.259999998865 274.892289009 2.33634681236 [Gyr]
123200 0.259999998865 449.839537387 2.33634681236 [Gyr]
91703 0.259999998865 316.002661429 2.33634681236 [Gyr]
110671 0.259999998865 400.502623459 2.33634681236 [Gyr]
91537 0.269999998797 425.429664465 2.47004598555 [Gyr]
113843 0.269999998797 417.643034304 2.47004598555 [Gyr]
39304 0.269999998797 321.147797937 2.47004598555 [Gyr]
127707 0.269999998797 406.308184697 2.47004598555 [Gyr]
110054 0.269999998797 388.886101931 2.47004598555 [Gyr]
57105 0.269999998797 229.849588219 2.47004598555 [Gyr]
57838 0.269999998797 358.911005318 2.47004598555 [Gyr]
24236 0.269999998797 386.354985213 2.47004598555 [Gyr]
126813 0.269999998797 410.95441564 2.47004598555 [Gyr]
110189 0.269999998797 467.650945233 2.47004598555 [Gyr]
113239 0.269999998797 437.005082297 2.47004598555 [Gyr]
24997 0.269999998797 237.270380582 2.47004598555 [Gyr]
24176 0.269999998797 320.571898761 2.47004598555 [Gyr]
17290 0.269999998797 155.326146137 2.47004598555 [Gyr]
94917 0.269999998797 440.431319675 2.47004598555 [Gyr]
116078 0.269999998797 355.653916437 2.47004598555 [Gyr]
24914 0.269999998797 317.283877244 2.47004598555 [Gyr]
66691 0.269999998797 93.5131094535 2.47004598555 [Gyr]
74540 0.269999998797 296.729228467 2.47004598555 [Gyr]
90917 0.269999998797 444.298972504 2.47004598555 [Gyr]
13183 0.269999998797 181.018584639 2.47004598555 [Gyr]
97112 0.269999998797 257.96819877 2.47004598555 [Gyr]
24299 0.269999998797 387.067177854 2.47004598555 [Gyr]
80303 0.269999998797 233.344722519 2.47004598555 [Gyr]
75033 0.269999998797 293.803313904 2.47004598555 [Gyr]
94785 0.269999998797 385.718427161 2.47004598555 [Gyr]
116332 0.269999998797 391.165810307 2.47004598555 [Gyr]
91861 0.269999998797 390.066345198 2.47004598555 [Gyr]
49450 0.269999998797 152.356813266 2.47004598555 [Gyr]
95335 0.269999998797 308.462131484 2.47004598555 [Gyr]
121844 0.269999998797 498.330492754 2.47004598555 [Gyr]
52066 0.269999998797 158.625091887 2.47004598555 [Gyr]
66866 0.269999998797 158.510373963 2.47004598555 [Gyr]
100932 0.269999998797 261.896619645 2.47004598555 [Gyr]
123200 0.269999998797 434.264253752 2.47004598555 [Gyr]
91703 0.269999998797 297.290249037 2.47004598555 [Gyr]
110671 0.269999998797 386.638930283 2.47004598555 [Gyr]
91537 0.279999998865 306.527738773 2.60584369951 [Gyr]
113843 0.279999998865 304.78181977 2.60584369951 [Gyr]
39304 0.279999998865 218.253373775 2.60584369951 [Gyr]
127707 0.279999998865 266.346826831 2.60584369951 [Gyr]
110054 0.279999998865 253.897843025 2.60584369951 [Gyr]
57105 0.279999998865 107.431119421 2.60584369951 [Gyr]
57838 0.279999998865 178.201482356 2.60584369951 [Gyr]
24236 0.279999998865 401.994167192 2.60584369951 [Gyr]
126813 0.279999998865 285.978386898 2.60584369951 [Gyr]
110189 0.279999998865 355.965141675 2.60584369951 [Gyr]
113239 0.279999998865 329.340434343 2.60584369951 [Gyr]
24997 0.279999998865 164.74566466 2.60584369951 [Gyr]
24176 0.279999998865 316.016867307 2.60584369951 [Gyr]
17290 0.279999998865 285.764249944 2.60584369951 [Gyr]
94917 0.279999998865 330.887944652 2.60584369951 [Gyr]
116078 0.279999998865 280.555392765 2.60584369951 [Gyr]
24914 0.279999998865 267.252132559 2.60584369951 [Gyr]
66691 0.279999998865 138.37033799 2.60584369951 [Gyr]
74540 0.279999998865 201.989880426 2.60584369951 [Gyr]
90917 0.279999998865 361.510077145 2.60584369951 [Gyr]
13183 0.279999998865 226.70031748 2.60584369951 [Gyr]
97112 0.279999998865 157.274728118 2.60584369951 [Gyr]
24299 0.279999998865 404.129637134 2.60584369951 [Gyr]
80303 0.279999998865 193.870325614 2.60584369951 [Gyr]
75033 0.279999998865 131.45788177 2.60584369951 [Gyr]
94785 0.279999998865 263.355453696 2.60584369951 [Gyr]
116332 0.279999998865 312.240950539 2.60584369951 [Gyr]
91861 0.279999998865 256.66261505 2.60584369951 [Gyr]
49450 0.279999998865 294.409912192 2.60584369951 [Gyr]
95335 0.279999998865 146.466779706 2.60584369951 [Gyr]
121844 0.279999998865 349.914547298 2.60584369951 [Gyr]
52066 0.279999998865 327.360797086 2.60584369951 [Gyr]
66866 0.279999998865 292.606033847 2.60584369951 [Gyr]
100932 0.279999998865 90.8521936069 2.60584369951 [Gyr]
123200 0.279999998865 311.073916559 2.60584369951 [Gyr]
91703 0.279999998865 146.72056838 2.60584369951 [Gyr]
110671 0.279999998865 270.321682581 2.60584369951 [Gyr]
91537 0.289999998474 406.802067864 2.74365366206 [Gyr]
113843 0.289999998474 386.840976304 2.74365366206 [Gyr]
39304 0.289999998474 299.870600107 2.74365366206 [Gyr]
127707 0.289999998474 370.46984603 2.74365366206 [Gyr]
110054 0.289999998474 333.766685057 2.74365366206 [Gyr]
57105 0.289999998474 201.781815454 2.74365366206 [Gyr]
57838 0.289999998474 339.976503909 2.74365366206 [Gyr]
24236 0.289999998474 393.316619599 2.74365366206 [Gyr]
126813 0.289999998474 379.83490296 2.74365366206 [Gyr]
110189 0.289999998474 448.850547907 2.74365366206 [Gyr]
113239 0.289999998474 415.542017531 2.74365366206 [Gyr]
24997 0.289999998474 214.277609399 2.74365366206 [Gyr]
24176 0.289999998474 314.150696997 2.74365366206 [Gyr]
17290 0.289999998474 158.578750444 2.74365366206 [Gyr]
94917 0.289999998474 426.930754827 2.74365366206 [Gyr]
116078 0.289999998474 330.007942349 2.74365366206 [Gyr]
24914 0.289999998474 304.465289955 2.74365366206 [Gyr]
66691 0.289999998474 86.5498324493 2.74365366206 [Gyr]
74540 0.289999998474 270.783011105 2.74365366206 [Gyr]
90917 0.289999998474 432.235433318 2.74365366206 [Gyr]
13183 0.289999998474 193.860361049 2.74365366206 [Gyr]
97112 0.289999998474 228.287153085 2.74365366206 [Gyr]
24299 0.289999998474 393.781382953 2.74365366206 [Gyr]
80303 0.289999998474 209.016648132 2.74365366206 [Gyr]
75033 0.289999998474 266.840090883 2.74365366206 [Gyr]
94785 0.289999998474 362.8086948 2.74365366206 [Gyr]
116332 0.289999998474 366.043584276 2.74365366206 [Gyr]
91861 0.289999998474 361.883551245 2.74365366206 [Gyr]
49450 0.289999998474 161.806802291 2.74365366206 [Gyr]
95335 0.289999998474 285.076596798 2.74365366206 [Gyr]
121844 0.289999998474 470.442757307 2.74365366206 [Gyr]
52066 0.289999998474 169.614085107 2.74365366206 [Gyr]
66866 0.289999998474 168.352385003 2.74365366206 [Gyr]
100932 0.289999998474 222.40801398 2.74365366206 [Gyr]
123200 0.289999998474 406.609480289 2.74365366206 [Gyr]
91703 0.289999998474 260.195836222 2.74365366206 [Gyr]
110671 0.289999998474 363.423329385 2.74365366206 [Gyr]
91537 0.299999998126 417.577352263 2.88339062942 [Gyr]
113843 0.299999998126 382.111811564 2.88339062942 [Gyr]
39304 0.299999998126 308.668038787 2.88339062942 [Gyr]
127707 0.299999998126 358.851926513 2.88339062942 [Gyr]
110054 0.299999998126 331.233771318 2.88339062942 [Gyr]
57105 0.299999998126 209.348091479 2.88339062942 [Gyr]
57838 0.299999998126 339.700692169 2.88339062942 [Gyr]
24236 0.299999998126 410.275021536 2.88339062942 [Gyr]
126813 0.299999998126 375.663995326 2.88339062942 [Gyr]
110189 0.299999998126 456.57626985 2.88339062942 [Gyr]
113239 0.299999998126 419.995975834 2.88339062942 [Gyr]
24997 0.299999998126 225.328640356 2.88339062942 [Gyr]
24176 0.299999998126 328.347019934 2.88339062942 [Gyr]
17290 0.299999998126 147.876441598 2.88339062942 [Gyr]
94917 0.299999998126 434.958820442 2.88339062942 [Gyr]
116078 0.299999998126 317.422436828 2.88339062942 [Gyr]
24914 0.299999998126 316.576450163 2.88339062942 [Gyr]
66691 0.299999998126 90.2417787478 2.88339062942 [Gyr]
74540 0.299999998126 277.394896265 2.88339062942 [Gyr]
90917 0.299999998126 443.80434478 2.88339062942 [Gyr]
13183 0.299999998126 220.202110124 2.88339062942 [Gyr]
97112 0.299999998126 232.758073021 2.88339062942 [Gyr]
24299 0.299999998126 410.643536822 2.88339062942 [Gyr]
80303 0.299999998126 218.075317016 2.88339062942 [Gyr]
75033 0.299999998126 273.375996838 2.88339062942 [Gyr]
94785 0.299999998126 380.134949938 2.88339062942 [Gyr]
116332 0.299999998126 355.870266767 2.88339062942 [Gyr]
91861 0.299999998126 367.78625655 2.88339062942 [Gyr]
49450 0.299999998126 148.319163041 2.88339062942 [Gyr]
95335 0.299999998126 281.23546835 2.88339062942 [Gyr]
121844 0.299999998126 473.967561651 2.88339062942 [Gyr]
52066 0.299999998126 153.861565067 2.88339062942 [Gyr]
66866 0.299999998126 156.054258413 2.88339062942 [Gyr]
100932 0.299999998126 216.528721826 2.88339062942 [Gyr]
123200 0.299999998126 408.090142903 2.88339062942 [Gyr]
91703 0.299999998126 261.497446918 2.88339062942 [Gyr]
110671 0.299999998126 368.971054745 2.88339062942 [Gyr]
91537 0.309999998619 320.129541206 3.02497028168 [Gyr]
113843 0.309999998619 279.776852214 3.02497028168 [Gyr]
39304 0.309999998619 231.280521335 3.02497028168 [Gyr]
127707 0.309999998619 221.225753079 3.02497028168 [Gyr]
110054 0.309999998619 248.787061042 3.02497028168 [Gyr]
57105 0.309999998619 111.547668362 3.02497028168 [Gyr]
57838 0.309999998619 168.871378161 3.02497028168 [Gyr]
24236 0.309999998619 422.909051102 3.02497028168 [Gyr]
126813 0.309999998619 260.965399384 3.02497028168 [Gyr]
110189 0.309999998619 366.461271138 3.02497028168 [Gyr]
113239 0.309999998619 330.640767765 3.02497028168 [Gyr]
24997 0.309999998619 169.221610489 3.02497028168 [Gyr]
24176 0.309999998619 336.410377646 3.02497028168 [Gyr]
17290 0.309999998619 272.79612056 3.02497028168 [Gyr]
94917 0.309999998619 349.026577993 3.02497028168 [Gyr]
116078 0.309999998619 238.009333261 3.02497028168 [Gyr]
24914 0.309999998619 278.460761568 3.02497028168 [Gyr]
66691 0.309999998619 119.547840848 3.02497028168 [Gyr]
74540 0.309999998619 213.782934118 3.02497028168 [Gyr]
90917 0.309999998619 384.955163713 3.02497028168 [Gyr]
13183 0.309999998619 232.89616231 3.02497028168 [Gyr]
97112 0.309999998619 165.746059347 3.02497028168 [Gyr]
24299 0.309999998619 424.850498878 3.02497028168 [Gyr]
80303 0.309999998619 215.025268206 3.02497028168 [Gyr]
75033 0.309999998619 139.928152099 3.02497028168 [Gyr]
94785 0.309999998619 276.684616293 3.02497028168 [Gyr]
116332 0.309999998619 271.393900635 3.02497028168 [Gyr]
91861 0.309999998619 275.413884993 3.02497028168 [Gyr]
49450 0.309999998619 277.323481345 3.02497028168 [Gyr]
95335 0.309999998619 131.344475229 3.02497028168 [Gyr]
121844 0.309999998619 350.39275228 3.02497028168 [Gyr]
52066 0.309999998619 300.950992789 3.02497028168 [Gyr]
66866 0.309999998619 278.1932724 3.02497028168 [Gyr]
100932 0.309999998619 63.115055244 3.02497028168 [Gyr]
123200 0.309999998619 305.863734064 3.02497028168 [Gyr]
91703 0.309999998619 151.253287911 3.02497028168 [Gyr]
110671 0.309999998619 277.04471028 3.02497028168 [Gyr]
91537 0.319999997749 402.511651373 3.16830909146 [Gyr]
113843 0.319999997749 350.926979881 3.16830909146 [Gyr]
39304 0.319999997749 290.711544292 3.16830909146 [Gyr]
127707 0.319999997749 319.475729152 3.16830909146 [Gyr]
110054 0.319999997749 302.199062242 3.16830909146 [Gyr]
57105 0.319999997749 186.705412924 3.16830909146 [Gyr]
57838 0.319999997749 314.689991001 3.16830909146 [Gyr]
24236 0.319999997749 416.504742001 3.16830909146 [Gyr]
126813 0.319999997749 343.606091216 3.16830909146 [Gyr]
110189 0.319999997749 442.424855334 3.16830909146 [Gyr]
113239 0.319999997749 400.155961201 3.16830909146 [Gyr]
24997 0.319999997749 211.564154393 3.16830909146 [Gyr]
24176 0.319999997749 327.865774456 3.16830909146 [Gyr]
17290 0.319999997749 149.738286119 3.16830909146 [Gyr]
94917 0.319999997749 417.303357084 3.16830909146 [Gyr]
116078 0.319999997749 282.314798599 3.16830909146 [Gyr]
24914 0.319999997749 307.535497559 3.16830909146 [Gyr]
66691 0.319999997749 88.1153079716 3.16830909146 [Gyr]
74540 0.319999997749 263.453778994 3.16830909146 [Gyr]
90917 0.319999997749 435.075078853 3.16830909146 [Gyr]
13183 0.319999997749 247.8762561 3.16830909146 [Gyr]
97112 0.319999997749 208.683278024 3.16830909146 [Gyr]
24299 0.319999997749 416.643374432 3.16830909146 [Gyr]
80303 0.319999997749 214.023576625 3.16830909146 [Gyr]
75033 0.319999997749 252.148569934 3.16830909146 [Gyr]
94785 0.319999997749 361.490164063 3.16830909146 [Gyr]
116332 0.319999997749 321.333401732 3.16830909146 [Gyr]
91861 0.319999997749 348.445008182 3.16830909146 [Gyr]
49450 0.319999997749 145.83448166 3.16830909146 [Gyr]
95335 0.319999997749 258.289299181 3.16830909146 [Gyr]
121844 0.319999997749 449.645767278 3.16830909146 [Gyr]
52066 0.319999997749 151.008274561 3.16830909146 [Gyr]
66866 0.319999997749 156.471776008 3.16830909146 [Gyr]
100932 0.319999997749 177.719572089 3.16830909146 [Gyr]
123200 0.319999997749 380.447504233 3.16830909146 [Gyr]
91703 0.319999997749 232.562159387 3.16830909146 [Gyr]
110671 0.319999997749 357.849886115 3.16830909146 [Gyr]
91537 0.32999999947 390.688087999 3.31332439743 [Gyr]
113843 0.32999999947 332.725612397 3.31332439743 [Gyr]
39304 0.32999999947 279.598533086 3.31332439743 [Gyr]
127707 0.32999999947 297.413998508 3.31332439743 [Gyr]
110054 0.32999999947 287.86602327 3.31332439743 [Gyr]
57105 0.32999999947 171.059120733 3.31332439743 [Gyr]
57838 0.32999999947 297.857418273 3.31332439743 [Gyr]
24236 0.32999999947 416.749321019 3.31332439743 [Gyr]
126813 0.32999999947 324.754905273 3.31332439743 [Gyr]
110189 0.32999999947 432.43055449 3.31332439743 [Gyr]
113239 0.32999999947 386.864579131 3.31332439743 [Gyr]
24997 0.32999999947 198.125203838 3.31332439743 [Gyr]
24176 0.32999999947 326.053943544 3.31332439743 [Gyr]
17290 0.32999999947 150.75845188 3.31332439743 [Gyr]
94917 0.32999999947 405.602780241 3.31332439743 [Gyr]
116078 0.32999999947 262.498193166 3.31332439743 [Gyr]
24914 0.32999999947 300.200037571 3.31332439743 [Gyr]
66691 0.32999999947 84.6966365164 3.31332439743 [Gyr]
74540 0.32999999947 258.890194323 3.31332439743 [Gyr]
90917 0.32999999947 428.113696097 3.31332439743 [Gyr]
13183 0.32999999947 258.520007583 3.31332439743 [Gyr]
97112 0.32999999947 194.162355208 3.31332439743 [Gyr]
24299 0.32999999947 416.831787846 3.31332439743 [Gyr]
80303 0.32999999947 212.451746971 3.31332439743 [Gyr]
75033 0.32999999947 237.627976579 3.31332439743 [Gyr]
94785 0.32999999947 346.171804174 3.31332439743 [Gyr]
116332 0.32999999947 301.411822458 3.31332439743 [Gyr]
91861 0.32999999947 336.670519994 3.31332439743 [Gyr]
49450 0.32999999947 143.589183838 3.31332439743 [Gyr]
95335 0.32999999947 244.496779691 3.31332439743 [Gyr]
121844 0.32999999947 435.129617371 3.31332439743 [Gyr]
52066 0.32999999947 149.694715199 3.31332439743 [Gyr]
66866 0.32999999947 156.613066185 3.31332439743 [Gyr]
100932 0.32999999947 161.205841652 3.31332439743 [Gyr]
123200 0.32999999947 364.760175354 3.31332439743 [Gyr]
91703 0.32999999947 214.85774574 3.31332439743 [Gyr]
110671 0.32999999947 342.709328408 3.31332439743 [Gyr]
91537 0.339999999372 319.827755159 3.45993416081 [Gyr]
113843 0.339999999372 257.481624388 3.45993416081 [Gyr]
39304 0.339999999372 224.999982358 3.45993416081 [Gyr]
127707 0.339999999372 190.766195587 3.45993416081 [Gyr]
110054 0.339999999372 244.99346953 3.45993416081 [Gyr]
57105 0.339999999372 92.1667487731 3.45993416081 [Gyr]
57838 0.339999999372 168.738330837 3.45993416081 [Gyr]
24236 0.339999999372 420.40144651 3.45993416081 [Gyr]
126813 0.339999999372 239.250284341 3.45993416081 [Gyr]
110189 0.339999999372 371.741040346 3.45993416081 [Gyr]
113239 0.339999999372 324.362839648 3.45993416081 [Gyr]
24997 0.339999999372 150.877775948 3.45993416081 [Gyr]
24176 0.339999999372 332.487016635 3.45993416081 [Gyr]
17290 0.339999999372 237.449776187 3.45993416081 [Gyr]
94917 0.339999999372 352.193914435 3.45993416081 [Gyr]
116078 0.339999999372 199.694278169 3.45993416081 [Gyr]
24914 0.339999999372 266.294864071 3.45993416081 [Gyr]
66691 0.339999999372 79.0349978802 3.45993416081 [Gyr]
74540 0.339999999372 221.360100883 3.45993416081 [Gyr]
90917 0.339999999372 390.615070198 3.45993416081 [Gyr]
13183 0.339999999372 251.964605573 3.45993416081 [Gyr]
97112 0.339999999372 154.990932535 3.45993416081 [Gyr]
24299 0.339999999372 421.844810477 3.45993416081 [Gyr]
80303 0.339999999372 221.440112355 3.45993416081 [Gyr]
75033 0.339999999372 145.082468113 3.45993416081 [Gyr]
94785 0.339999999372 271.66940569 3.45993416081 [Gyr]
116332 0.339999999372 233.651992378 3.45993416081 [Gyr]
91861 0.339999999372 293.145192051 3.45993416081 [Gyr]
49450 0.339999999372 228.313353383 3.45993416081 [Gyr]
95335 0.339999999372 137.609325058 3.45993416081 [Gyr]
121844 0.339999999372 349.706926116 3.45993416081 [Gyr]
52066 0.339999999372 247.067589985 3.45993416081 [Gyr]
66866 0.339999999372 239.635081716 3.45993416081 [Gyr]
100932 0.339999999372 55.4927815572 3.45993416081 [Gyr]
123200 0.339999999372 298.176121255 3.45993416081 [Gyr]
91703 0.339999999372 146.356918043 3.45993416081 [Gyr]
110671 0.339999999372 273.300115847 3.45993416081 [Gyr]
91537 0.349999999551 357.06762419 3.60805716577 [Gyr]
113843 0.349999999551 279.983456025 3.60805716577 [Gyr]
39304 0.349999999551 251.630180606 3.60805716577 [Gyr]
127707 0.349999999551 240.518358755 3.60805716577 [Gyr]
110054 0.349999999551 255.46113998 3.60805716577 [Gyr]
57105 0.349999999551 124.929985115 3.60805716577 [Gyr]
57838 0.349999999551 254.277112129 3.60805716577 [Gyr]
24236 0.349999999551 406.469852712 3.60805716577 [Gyr]
126813 0.349999999551 271.067837613 3.60805716577 [Gyr]
110189 0.349999999551 398.355547859 3.60805716577 [Gyr]
113239 0.349999999551 346.001230899 3.60805716577 [Gyr]
24997 0.349999999551 160.461403192 3.60805716577 [Gyr]
24176 0.349999999551 321.502412402 3.60805716577 [Gyr]
17290 0.349999999551 159.732918411 3.60805716577 [Gyr]
94917 0.349999999551 369.039660057 3.60805716577 [Gyr]
116078 0.349999999551 213.410960089 3.60805716577 [Gyr]
24914 0.349999999551 278.757632406 3.60805716577 [Gyr]
66691 0.349999999551 57.1747794915 3.60805716577 [Gyr]
74540 0.349999999551 248.777703244 3.60805716577 [Gyr]
90917 0.349999999551 403.768423913 3.60805716577 [Gyr]
13183 0.349999999551 266.721408694 3.60805716577 [Gyr]
97112 0.349999999551 161.377102366 3.60805716577 [Gyr]
24299 0.349999999551 407.242766089 3.60805716577 [Gyr]
80303 0.349999999551 207.856603961 3.60805716577 [Gyr]
75033 0.349999999551 192.742496042 3.60805716577 [Gyr]
94785 0.349999999551 303.090174211 3.60805716577 [Gyr]
116332 0.349999999551 247.043665776 3.60805716577 [Gyr]
91861 0.349999999551 327.184262467 3.60805716577 [Gyr]
49450 0.349999999551 143.381069991 3.60805716577 [Gyr]
95335 0.349999999551 209.398411531 3.60805716577 [Gyr]
121844 0.349999999551 393.523988942 3.60805716577 [Gyr]
52066 0.349999999551 153.735755955 3.60805716577 [Gyr]
66866 0.349999999551 160.853661536 3.60805716577 [Gyr]
100932 0.349999999551 108.843250273 3.60805716577 [Gyr]
123200 0.349999999551 319.733827267 3.60805716577 [Gyr]
91703 0.349999999551 171.057581049 3.60805716577 [Gyr]
110671 0.349999999551 299.015750727 3.60805716577 [Gyr]
91537 0.359999999111 346.993596681 3.75761288459 [Gyr]
113843 0.359999999111 257.861261464 3.75761288459 [Gyr]
39304 0.359999999111 245.695964494 3.75761288459 [Gyr]
127707 0.359999999111 211.606276989 3.75761288459 [Gyr]
110054 0.359999999111 250.843565195 3.75761288459 [Gyr]
57105 0.359999999111 100.898078931 3.75761288459 [Gyr]
57838 0.359999999111 230.274791566 3.75761288459 [Gyr]
24236 0.359999999111 405.298560278 3.75761288459 [Gyr]
126813 0.359999999111 248.862223213 3.75761288459 [Gyr]
110189 0.359999999111 387.04680218 3.75761288459 [Gyr]
113239 0.359999999111 332.103827426 3.75761288459 [Gyr]
24997 0.359999999111 148.278557155 3.75761288459 [Gyr]
24176 0.359999999111 325.722433846 3.75761288459 [Gyr]
17290 0.359999999111 154.372665118 3.75761288459 [Gyr]
94917 0.359999999111 359.645742416 3.75761288459 [Gyr]
116078 0.359999999111 189.109203354 3.75761288459 [Gyr]
24914 0.359999999111 273.583092134 3.75761288459 [Gyr]
66691 0.359999999111 46.2927193648 3.75761288459 [Gyr]
74540 0.359999999111 247.88627433 3.75761288459 [Gyr]
90917 0.359999999111 397.195843945 3.75761288459 [Gyr]
13183 0.359999999111 271.58630277 3.75761288459 [Gyr]
97112 0.359999999111 153.46248262 3.75761288459 [Gyr]
24299 0.359999999111 406.640150259 3.75761288459 [Gyr]
80303 0.359999999111 213.890022323 3.75761288459 [Gyr]
75033 0.359999999111 176.70171675 3.75761288459 [Gyr]
94785 0.359999999111 287.68386371 3.75761288459 [Gyr]
116332 0.359999999111 219.735111426 3.75761288459 [Gyr]
91861 0.359999999111 322.956987658 3.75761288459 [Gyr]
49450 0.359999999111 135.572748625 3.75761288459 [Gyr]
95335 0.359999999111 188.82506065 3.75761288459 [Gyr]
121844 0.359999999111 378.474064378 3.75761288459 [Gyr]
52066 0.359999999111 147.279377646 3.75761288459 [Gyr]
66866 0.359999999111 154.327208044 3.75761288459 [Gyr]
100932 0.359999999111 87.1148265919 3.75761288459 [Gyr]
123200 0.359999999111 305.490339087 3.75761288459 [Gyr]
91703 0.359999999111 157.964231772 3.75761288459 [Gyr]
110671 0.359999999111 286.867835111 3.75761288459 [Gyr]
91537 0.369999998875 550.315421624 3.9085215649 [Gyr]
113843 0.369999998875 436.958151855 3.9085215649 [Gyr]
39304 0.369999998875 463.406693187 3.9085215649 [Gyr]
127707 0.369999998875 210.37648975 3.9085215649 [Gyr]
110054 0.369999998875 498.157022486 3.9085215649 [Gyr]
57105 0.369999998875 320.847721837 3.9085215649 [Gyr]
57838 0.369999998875 136.584114108 3.9085215649 [Gyr]
24236 0.369999998875 661.669076449 3.9085215649 [Gyr]
126813 0.369999998875 423.865053875 3.9085215649 [Gyr]
110189 0.369999998875 599.79426532 3.9085215649 [Gyr]
113239 0.369999998875 542.048579532 3.9085215649 [Gyr]
24997 0.369999998875 390.533676482 3.9085215649 [Gyr]
24176 0.369999998875 584.841046414 3.9085215649 [Gyr]
17290 0.369999998875 260.382981425 3.9085215649 [Gyr]
94917 0.369999998875 592.1750845 3.9085215649 [Gyr]
116078 0.369999998875 208.050606639 3.9085215649 [Gyr]
24914 0.369999998875 503.47135931 3.9085215649 [Gyr]
66691 0.369999998875 292.768111167 3.9085215649 [Gyr]
74540 0.369999998875 482.779782783 3.9085215649 [Gyr]
90917 0.369999998875 630.041110756 3.9085215649 [Gyr]
13183 0.369999998875 509.215883883 3.9085215649 [Gyr]
97112 0.369999998875 405.894924685 3.9085215649 [Gyr]
24299 0.369999998875 663.635938916 3.9085215649 [Gyr]
80303 0.369999998875 485.225180069 3.9085215649 [Gyr]
75033 0.369999998875 391.785109665 3.9085215649 [Gyr]
94785 0.369999998875 506.406896587 3.9085215649 [Gyr]
116332 0.369999998875 294.008886363 3.9085215649 [Gyr]
91861 0.369999998875 557.143165595 3.9085215649 [Gyr]
49450 0.369999998875 266.184583202 3.9085215649 [Gyr]
95335 0.369999998875 129.512610296 3.9085215649 [Gyr]
121844 0.369999998875 558.436959951 3.9085215649 [Gyr]
52066 0.369999998875 276.468533043 3.9085215649 [Gyr]
66866 0.369999998875 260.50888332 3.9085215649 [Gyr]
100932 0.369999998875 311.422722293 3.9085215649 [Gyr]
123200 0.369999998875 523.823542545 3.9085215649 [Gyr]
91703 0.369999998875 397.790866174 3.9085215649 [Gyr]
110671 0.369999998875 523.290567894 3.9085215649 [Gyr]
91537 0.379999999813 314.036434436 4.06070423746 [Gyr]
113843 0.379999999813 202.9857999 4.06070423746 [Gyr]
39304 0.379999999813 219.932551418 4.06070423746 [Gyr]
127707 0.379999999813 151.619703802 4.06070423746 [Gyr]
110054 0.379999999813 234.348264202 4.06070423746 [Gyr]
57105 0.379999999813 47.7550971554 4.06070423746 [Gyr]
57838 0.379999999813 183.010627759 4.06070423746 [Gyr]
24236 0.379999999813 386.071490616 4.06070423746 [Gyr]
126813 0.379999999813 194.19387658 4.06070423746 [Gyr]
110189 0.379999999813 349.501911774 4.06070423746 [Gyr]
113239 0.379999999813 292.54716685 4.06070423746 [Gyr]
24997 0.379999999813 118.294312596 4.06070423746 [Gyr]
24176 0.379999999813 317.247620571 4.06070423746 [Gyr]
17290 0.379999999813 149.924901046 4.06070423746 [Gyr]
94917 0.379999999813 327.70528748 4.06070423746 [Gyr]
116078 0.379999999813 145.597129005 4.06070423746 [Gyr]
24914 0.379999999813 257.381099037 4.06070423746 [Gyr]
66691 0.379999999813 25.3769464902 4.06070423746 [Gyr]
74540 0.379999999813 224.154601558 4.06070423746 [Gyr]
90917 0.379999999813 368.190705765 4.06070423746 [Gyr]
13183 0.379999999813 238.081144519 4.06070423746 [Gyr]
97112 0.379999999813 131.325032545 4.06070423746 [Gyr]
24299 0.379999999813 388.383345148 4.06070423746 [Gyr]
80303 0.379999999813 220.451758069 4.06070423746 [Gyr]
75033 0.379999999813 140.349850108 4.06070423746 [Gyr]
94785 0.379999999813 252.70266275 4.06070423746 [Gyr]
116332 0.379999999813 157.59314866 4.06070423746 [Gyr]
91861 0.379999999813 297.429446319 4.06070423746 [Gyr]
49450 0.379999999813 129.417937648 4.06070423746 [Gyr]
95335 0.379999999813 152.410573479 4.06070423746 [Gyr]
121844 0.379999999813 334.257785984 4.06070423746 [Gyr]
52066 0.379999999813 140.053233103 4.06070423746 [Gyr]
66866 0.379999999813 151.10173843 4.06070423746 [Gyr]
100932 0.379999999813 37.1542873713 4.06070423746 [Gyr]
123200 0.379999999813 266.256801939 4.06070423746 [Gyr]
91703 0.379999999813 127.461185656 4.06070423746 [Gyr]
110671 0.379999999813 236.307940774 4.06070423746 [Gyr]
91537 0.389999998103 304.629151836 4.21408268169 [Gyr]
113843 0.389999998103 187.285841125 4.21408268169 [Gyr]
39304 0.389999998103 213.20968171 4.21408268169 [Gyr]
127707 0.389999998103 128.290260245 4.21408268169 [Gyr]
110054 0.389999998103 240.989955329 4.21408268169 [Gyr]
57105 0.389999998103 37.6090964912 4.21408268169 [Gyr]
57838 0.389999998103 162.578514676 4.21408268169 [Gyr]
24236 0.389999998103 378.84283448 4.21408268169 [Gyr]
126813 0.389999998103 179.725809816 4.21408268169 [Gyr]
110189 0.389999998103 337.026558776 4.21408268169 [Gyr]
113239 0.389999998103 278.887885161 4.21408268169 [Gyr]
24997 0.389999998103 112.312538127 4.21408268169 [Gyr]
24176 0.389999998103 312.476488114 4.21408268169 [Gyr]
17290 0.389999998103 134.940976582 4.21408268169 [Gyr]
94917 0.389999998103 313.986685326 4.21408268169 [Gyr]
116078 0.389999998103 127.56331705 4.21408268169 [Gyr]
24914 0.389999998103 259.92028746 4.21408268169 [Gyr]
66691 0.389999998103 35.4497548149 4.21408268169 [Gyr]
74540 0.389999998103 225.805850396 4.21408268169 [Gyr]
90917 0.389999998103 359.885152337 4.21408268169 [Gyr]
13183 0.389999998103 242.078193147 4.21408268169 [Gyr]
97112 0.389999998103 126.943419609 4.21408268169 [Gyr]
24299 0.389999998103 381.182548179 4.21408268169 [Gyr]
80303 0.389999998103 237.070647734 4.21408268169 [Gyr]
75033 0.389999998103 137.235817422 4.21408268169 [Gyr]
94785 0.389999998103 235.78253935 4.21408268169 [Gyr]
116332 0.389999998103 127.928094917 4.21408268169 [Gyr]
91861 0.389999998103 290.013564009 4.21408268169 [Gyr]
49450 0.389999998103 115.806006129 4.21408268169 [Gyr]
95335 0.389999998103 136.491846955 4.21408268169 [Gyr]
121844 0.389999998103 320.670322601 4.21408268169 [Gyr]
52066 0.389999998103 121.221547046 4.21408268169 [Gyr]
66866 0.389999998103 137.457998884 4.21408268169 [Gyr]
100932 0.389999998103 42.2634247072 4.21408268169 [Gyr]
123200 0.389999998103 270.808524347 4.21408268169 [Gyr]
91703 0.389999998103 124.176249701 4.21408268169 [Gyr]
110671 0.389999998103 207.848668517 4.21408268169 [Gyr]
91537 0.399999998296 64.932898653 4.36857967726 [Gyr]
113843 0.399999998296 97.9398464279 4.36857967726 [Gyr]
39304 0.399999998296 72.2314559237 4.36857967726 [Gyr]
127707 0.399999998296 319.642152745 4.36857967726 [Gyr]
110054 0.399999998296 36.6019139316 4.36857967726 [Gyr]
57105 0.399999998296 245.198331761 4.36857967726 [Gyr]
57838 0.399999998296 357.540318702 4.36857967726 [Gyr]
24236 0.399999998296 135.030016307 4.36857967726 [Gyr]
126813 0.399999998296 91.194132038 4.36857967726 [Gyr]
110189 0.399999998296 82.3732972195 4.36857967726 [Gyr]
113239 0.399999998296 38.1250504222 4.36857967726 [Gyr]
24997 0.399999998296 152.989105838 4.36857967726 [Gyr]
24176 0.399999998296 96.4727687242 4.36857967726 [Gyr]
17290 0.399999998296 344.615891383 4.36857967726 [Gyr]
94917 0.399999998296 68.2842251706 4.36857967726 [Gyr]
116078 0.399999998296 345.233361726 4.36857967726 [Gyr]
24914 0.399999998296 74.693501562 4.36857967726 [Gyr]
66691 0.399999998296 223.219749409 4.36857967726 [Gyr]
74540 0.399999998296 15.5520021168 4.36857967726 [Gyr]
90917 0.399999998296 112.168794599 4.36857967726 [Gyr]
13183 0.399999998296 1.78930549773 4.36857967726 [Gyr]
97112 0.399999998296 142.15266622 4.36857967726 [Gyr]
24299 0.399999998296 136.588458437 4.36857967726 [Gyr]
80303 0.399999998296 32.0172574981 4.36857967726 [Gyr]
75033 0.399999998296 112.898988901 4.36857967726 [Gyr]
94785 0.399999998296 14.7626751481 4.36857967726 [Gyr]
116332 0.399999998296 287.077737453 4.36857967726 [Gyr]
91861 0.399999998296 66.1473892606 4.36857967726 [Gyr]
49450 0.399999998296 323.532560746 4.36857967726 [Gyr]
95335 0.399999998296 352.559511562 4.36857967726 [Gyr]
121844 0.399999998296 87.2558540849 4.36857967726 [Gyr]
52066 0.399999998296 323.665799625 4.36857967726 [Gyr]
66866 0.399999998296 345.989885406 4.36857967726 [Gyr]
100932 0.399999998296 197.201427201 4.36857967726 [Gyr]
123200 0.399999998296 30.1306316323 4.36857967726 [Gyr]
91703 0.399999998296 137.354398312 4.36857967726 [Gyr]
110671 0.399999998296 76.5132173234 4.36857967726 [Gyr]
91537 0.40999999875 542.640303241 4.52411883884 [Gyr]
113843 0.40999999875 431.201635463 4.52411883884 [Gyr]
39304 0.40999999875 444.948662458 4.52411883884 [Gyr]
127707 0.40999999875 214.296803186 4.52411883884 [Gyr]
110054 0.40999999875 516.197897398 4.52411883884 [Gyr]
57105 0.40999999875 281.590344911 4.52411883884 [Gyr]
57838 0.40999999875 173.990590469 4.52411883884 [Gyr]
24236 0.40999999875 623.519168359 4.52411883884 [Gyr]
126813 0.40999999875 424.310134203 4.52411883884 [Gyr]
110189 0.40999999875 567.748258914 4.52411883884 [Gyr]
113239 0.40999999875 547.776439297 4.52411883884 [Gyr]
24997 0.40999999875 363.404117213 4.52411883884 [Gyr]
24176 0.40999999875 550.668428719 4.52411883884 [Gyr]
17290 0.40999999875 237.69534866 4.52411883884 [Gyr]
94917 0.40999999875 544.921333518 4.52411883884 [Gyr]
116078 0.40999999875 187.111727484 4.52411883884 [Gyr]
24914 0.40999999875 503.083804945 4.52411883884 [Gyr]
66691 0.40999999875 291.099287987 4.52411883884 [Gyr]
74540 0.40999999875 497.708342948 4.52411883884 [Gyr]
90917 0.40999999875 601.187203983 4.52411883884 [Gyr]
13183 0.40999999875 519.42816063 4.52411883884 [Gyr]
97112 0.40999999875 377.395621928 4.52411883884 [Gyr]
24299 0.40999999875 625.43260414 4.52411883884 [Gyr]
80303 0.40999999875 525.503866051 4.52411883884 [Gyr]
75033 0.40999999875 397.86481761 4.52411883884 [Gyr]
94785 0.40999999875 505.201088896 4.52411883884 [Gyr]
116332 0.40999999875 253.871823385 4.52411883884 [Gyr]
91861 0.40999999875 547.499447898 4.52411883884 [Gyr]
49450 0.40999999875 259.420131668 4.52411883884 [Gyr]
95335 0.40999999875 169.256352058 4.52411883884 [Gyr]
121844 0.40999999875 548.765447034 4.52411883884 [Gyr]
52066 0.40999999875 246.435660862 4.52411883884 [Gyr]
66866 0.40999999875 247.9362101 4.52411883884 [Gyr]
100932 0.40999999875 320.909533852 4.52411883884 [Gyr]
123200 0.40999999875 517.102094922 4.52411883884 [Gyr]
91703 0.40999999875 384.614811951 4.52411883884 [Gyr]
110671 0.40999999875 445.586712214 4.52411883884 [Gyr]
91537 0.419999998087 248.155987479 4.68062477706 [Gyr]
113843 0.419999998087 131.58524981 4.68062477706 [Gyr]
39304 0.419999998087 159.634090855 4.68062477706 [Gyr]
127707 0.419999998087 92.2815579185 4.68062477706 [Gyr]
110054 0.419999998087 225.065516299 4.68062477706 [Gyr]
57105 0.419999998087 80.1492140482 4.68062477706 [Gyr]
57838 0.419999998087 131.891231813 4.68062477706 [Gyr]
24236 0.419999998087 309.539594169 4.68062477706 [Gyr]
126813 0.419999998087 128.465666526 4.68062477706 [Gyr]
110189 0.419999998087 259.668871627 4.68062477706 [Gyr]
113239 0.419999998087 249.758024845 4.68062477706 [Gyr]
24997 0.419999998087 74.0202658364 4.68062477706 [Gyr]
24176 0.419999998087 250.832254986 4.68062477706 [Gyr]
17290 0.419999998087 106.498403868 4.68062477706 [Gyr]
94917 0.419999998087 223.180483033 4.68062477706 [Gyr]
116078 0.419999998087 125.215788841 4.68062477706 [Gyr]
24914 0.419999998087 215.028228589 4.68062477706 [Gyr]
66691 0.419999998087 40.2818812658 4.68062477706 [Gyr]
74540 0.419999998087 199.691373151 4.68062477706 [Gyr]
90917 0.419999998087 296.25052674 4.68062477706 [Gyr]
13183 0.419999998087 220.51651438 4.68062477706 [Gyr]
97112 0.419999998087 85.1933482144 4.68062477706 [Gyr]
24299 0.419999998087 311.728781773 4.68062477706 [Gyr]
80303 0.419999998087 228.377196441 4.68062477706 [Gyr]
75033 0.419999998087 94.3125066544 4.68062477706 [Gyr]
94785 0.419999998087 198.377260428 4.68062477706 [Gyr]
116332 0.419999998087 80.0133853176 4.68062477706 [Gyr]
91861 0.419999998087 236.47616062 4.68062477706 [Gyr]
49450 0.419999998087 96.5198653945 4.68062477706 [Gyr]
95335 0.419999998087 123.618568998 4.68062477706 [Gyr]
121844 0.419999998087 257.482121418 4.68062477706 [Gyr]
52066 0.419999998087 88.1547334921 4.68062477706 [Gyr]
66866 0.419999998087 105.240790258 4.68062477706 [Gyr]
100932 0.419999998087 28.5353622769 4.68062477706 [Gyr]
123200 0.419999998087 198.80966626 4.68062477706 [Gyr]
91703 0.419999998087 88.5575848003 4.68062477706 [Gyr]
110671 0.419999998087 132.020641977 4.68062477706 [Gyr]
91537 0.429999997177 247.077946393 4.83802319693 [Gyr]
113843 0.429999997177 134.029695122 4.83802319693 [Gyr]
39304 0.429999997177 162.48205684 4.83802319693 [Gyr]
127707 0.429999997177 70.2565455765 4.83802319693 [Gyr]
110054 0.429999997177 232.589208102 4.83802319693 [Gyr]
57105 0.429999997177 86.5660251019 4.83802319693 [Gyr]
57838 0.429999997177 107.42845676 4.83802319693 [Gyr]
24236 0.429999997177 300.502727059 4.83802319693 [Gyr]
126813 0.429999997177 134.336372216 4.83802319693 [Gyr]
110189 0.429999997177 250.562174456 4.83802319693 [Gyr]
113239 0.429999997177 244.475654768 4.83802319693 [Gyr]
24997 0.429999997177 77.9242222415 4.83802319693 [Gyr]
24176 0.429999997177 244.448356572 4.83802319693 [Gyr]
17290 0.429999997177 88.624177343 4.83802319693 [Gyr]
94917 0.429999997177 209.806975274 4.83802319693 [Gyr]
116078 0.429999997177 109.799392212 4.83802319693 [Gyr]
24914 0.429999997177 216.12859247 4.83802319693 [Gyr]
66691 0.429999997177 33.4406750197 4.83802319693 [Gyr]
74540 0.429999997177 203.048222357 4.83802319693 [Gyr]
90917 0.429999997177 292.037150034 4.83802319693 [Gyr]
13183 0.429999997177 207.273070613 4.83802319693 [Gyr]
97112 0.429999997177 85.2606470815 4.83802319693 [Gyr]
24299 0.429999997177 303.353367472 4.83802319693 [Gyr]
80303 0.429999997177 240.024085995 4.83802319693 [Gyr]
75033 0.429999997177 93.1646290103 4.83802319693 [Gyr]
94785 0.429999997177 197.852709296 4.83802319693 [Gyr]
116332 0.429999997177 61.1441257167 4.83802319693 [Gyr]
91861 0.429999997177 235.151606057 4.83802319693 [Gyr]
49450 0.429999997177 98.4891236419 4.83802319693 [Gyr]
95335 0.429999997177 104.393790177 4.83802319693 [Gyr]
121844 0.429999997177 258.917113599 4.83802319693 [Gyr]
52066 0.429999997177 78.6758603757 4.83802319693 [Gyr]
66866 0.429999997177 81.0597862361 4.83802319693 [Gyr]
100932 0.429999997177 32.849023658 4.83802319693 [Gyr]
123200 0.429999997177 201.180117165 4.83802319693 [Gyr]
91703 0.429999997177 92.5843932335 4.83802319693 [Gyr]
110671 0.429999997177 128.763796512 4.83802319693 [Gyr]
91537 0.439999997066 58.1172434951 4.99624093548 [Gyr]
113843 0.439999997066 72.4644335776 4.99624093548 [Gyr]
39304 0.439999997066 75.3799368321 4.99624093548 [Gyr]
127707 0.439999997066 242.483563237 4.99624093548 [Gyr]
110054 0.439999997066 51.989541599 4.99624093548 [Gyr]
57105 0.439999997066 199.06487631 4.99624093548 [Gyr]
57838 0.439999997066 274.173446605 4.99624093548 [Gyr]
24236 0.439999997066 90.8995054033 4.99624093548 [Gyr]
126813 0.439999997066 63.2882681257 4.99624093548 [Gyr]
110189 0.439999997066 67.7528086524 4.99624093548 [Gyr]
113239 0.439999997066 40.8258502559 4.99624093548 [Gyr]
24997 0.439999997066 175.39128587 4.99624093548 [Gyr]
24176 0.439999997066 74.0423383408 4.99624093548 [Gyr]
17290 0.439999997066 215.43513986 4.99624093548 [Gyr]
94917 0.439999997066 22.3590199879 4.99624093548 [Gyr]
116078 0.439999997066 280.16174514 4.99624093548 [Gyr]
24914 0.439999997066 66.3512845684 4.99624093548 [Gyr]
66691 0.439999997066 203.514768811 4.99624093548 [Gyr]
74540 0.439999997066 4.98447900346 4.99624093548 [Gyr]
90917 0.439999997066 98.2133345571 4.99624093548 [Gyr]
13183 0.439999997066 11.5851617494 4.99624093548 [Gyr]
97112 0.439999997066 156.148172862 4.99624093548 [Gyr]
24299 0.439999997066 94.3688061361 4.99624093548 [Gyr]
80303 0.439999997066 83.6712882202 4.99624093548 [Gyr]
75033 0.439999997066 119.522065284 4.99624093548 [Gyr]
94785 0.439999997066 8.52744729242 4.99624093548 [Gyr]
116332 0.439999997066 235.329216852 4.99624093548 [Gyr]
91861 0.439999997066 62.6636225507 4.99624093548 [Gyr]
49450 0.439999997066 221.659719558 4.99624093548 [Gyr]
95335 0.439999997066 258.585029551 4.99624093548 [Gyr]
121844 0.439999997066 64.4143862379 4.99624093548 [Gyr]
52066 0.439999997066 194.025289474 4.99624093548 [Gyr]
66866 0.439999997066 195.582778443 4.99624093548 [Gyr]
100932 0.439999997066 168.392242584 4.99624093548 [Gyr]
123200 0.439999997066 7.49723244324 4.99624093548 [Gyr]
91703 0.439999997066 143.510973149 4.99624093548 [Gyr]
110671 0.439999997066 79.7859608891 4.99624093548 [Gyr]
91537 0.449999996964 57.2541071811 5.15520600053 [Gyr]
113843 0.449999996964 63.3302115796 5.15520600053 [Gyr]
39304 0.449999996964 76.296413664 5.15520600053 [Gyr]
127707 0.449999996964 209.640458618 5.15520600053 [Gyr]
110054 0.449999996964 53.9998808368 5.15520600053 [Gyr]
57105 0.449999996964 166.778447619 5.15520600053 [Gyr]
57838 0.449999996964 231.653058849 5.15520600053 [Gyr]
24236 0.449999996964 80.7609355195 5.15520600053 [Gyr]
126813 0.449999996964 56.986233576 5.15520600053 [Gyr]
110189 0.449999996964 66.6069258583 5.15520600053 [Gyr]
113239 0.449999996964 31.6452854381 5.15520600053 [Gyr]
24997 0.449999996964 156.711998894 5.15520600053 [Gyr]
24176 0.449999996964 72.6117988324 5.15520600053 [Gyr]
17290 0.449999996964 175.319117651 5.15520600053 [Gyr]
94917 0.449999996964 18.9996723948 5.15520600053 [Gyr]
116078 0.449999996964 239.963488492 5.15520600053 [Gyr]
24914 0.449999996964 65.7983931631 5.15520600053 [Gyr]
66691 0.449999996964 184.586316417 5.15520600053 [Gyr]
74540 0.449999996964 4.13441675653 5.15520600053 [Gyr]
90917 0.449999996964 98.9890129796 5.15520600053 [Gyr]
13183 0.449999996964 34.664041756 5.15520600053 [Gyr]
97112 0.449999996964 143.695882214 5.15520600053 [Gyr]
24299 0.449999996964 85.0427144948 5.15520600053 [Gyr]
80303 0.449999996964 88.5268164478 5.15520600053 [Gyr]
75033 0.449999996964 111.94225159 5.15520600053 [Gyr]
94785 0.449999996964 9.37099142243 5.15520600053 [Gyr]
116332 0.449999996964 203.223409619 5.15520600053 [Gyr]
91861 0.449999996964 63.840966714 5.15520600053 [Gyr]
49450 0.449999996964 186.611065496 5.15520600053 [Gyr]
95335 0.449999996964 218.217180036 5.15520600053 [Gyr]
121844 0.449999996964 66.4312521601 5.15520600053 [Gyr]
52066 0.449999996964 153.262445185 5.15520600053 [Gyr]
66866 0.449999996964 156.98441894 5.15520600053 [Gyr]
100932 0.449999996964 158.02713995 5.15520600053 [Gyr]
123200 0.449999996964 7.33504281491 5.15520600053 [Gyr]
91703 0.449999996964 136.0610157 5.15520600053 [Gyr]
110671 0.449999996964 80.5563718637 5.15520600053 [Gyr]
91537 0.459999997505 54.4215281179 5.31484769309 [Gyr]
113843 0.459999997505 51.7859386527 5.31484769309 [Gyr]
39304 0.459999997505 74.3761432451 5.31484769309 [Gyr]
127707 0.459999997505 168.708190901 5.31484769309 [Gyr]
110054 0.459999997505 57.4318847548 5.31484769309 [Gyr]
57105 0.459999997505 130.466498413 5.31484769309 [Gyr]
57838 0.459999997505 178.918917327 5.31484769309 [Gyr]
24236 0.459999997505 71.131714271 5.31484769309 [Gyr]
126813 0.459999997505 46.4672981875 5.31484769309 [Gyr]
110189 0.459999997505 60.4803780618 5.31484769309 [Gyr]
113239 0.459999997505 30.7621082682 5.31484769309 [Gyr]
24997 0.459999997505 131.286351802 5.31484769309 [Gyr]
24176 0.459999997505 67.7990787468 5.31484769309 [Gyr]
17290 0.459999997505 142.83472569 5.31484769309 [Gyr]
94917 0.459999997505 10.9890655962 5.31484769309 [Gyr]
116078 0.459999997505 190.33766729 5.31484769309 [Gyr]
24914 0.459999997505 63.0307639642 5.31484769309 [Gyr]
66691 0.459999997505 158.06216122 5.31484769309 [Gyr]
74540 0.459999997505 37.8349033695 5.31484769309 [Gyr]
90917 0.459999997505 98.1183138892 5.31484769309 [Gyr]
13183 0.459999997505 40.154901419 5.31484769309 [Gyr]
97112 0.459999997505 120.50463249 5.31484769309 [Gyr]
24299 0.459999997505 76.7793569062 5.31484769309 [Gyr]
80303 0.459999997505 93.2730424026 5.31484769309 [Gyr]
75033 0.459999997505 95.7365704881 5.31484769309 [Gyr]
94785 0.459999997505 13.6079373937 5.31484769309 [Gyr]
116332 0.459999997505 165.251758605 5.31484769309 [Gyr]
91861 0.459999997505 63.9821666036 5.31484769309 [Gyr]
49450 0.459999997505 152.163580476 5.31484769309 [Gyr]
95335 0.459999997505 171.714524963 5.31484769309 [Gyr]
121844 0.459999997505 68.5045325634 5.31484769309 [Gyr]
52066 0.459999997505 113.462558544 5.31484769309 [Gyr]
66866 0.459999997505 132.8590229 5.31484769309 [Gyr]
100932 0.459999997505 144.314471776 5.31484769309 [Gyr]
123200 0.459999997505 4.98465280167 5.31484769309 [Gyr]
91703 0.459999997505 119.646371401 5.31484769309 [Gyr]
110671 0.459999997505 78.3598078557 5.31484769309 [Gyr]
91537 0.46999999902 144.239211551 5.47509665021 [Gyr]
113843 0.46999999902 69.3705475097 5.47509665021 [Gyr]
39304 0.46999999902 107.089997914 5.47509665021 [Gyr]
127707 0.46999999902 36.908167383 5.47509665021 [Gyr]
110054 0.46999999902 152.269513317 5.47509665021 [Gyr]
57105 0.46999999902 56.1991914927 5.47509665021 [Gyr]
57838 0.46999999902 29.9166930259 5.47509665021 [Gyr]
24236 0.46999999902 153.557712512 5.47509665021 [Gyr]
126813 0.46999999902 73.3055301284 5.47509665021 [Gyr]
110189 0.46999999902 115.722652924 5.47509665021 [Gyr]
113239 0.46999999902 120.640638797 5.47509665021 [Gyr]
24997 0.46999999902 45.0184565847 5.47509665021 [Gyr]
24176 0.46999999902 136.510735973 5.47509665021 [Gyr]
17290 0.46999999902 46.3175032187 5.47509665021 [Gyr]
94917 0.46999999902 100.272020507 5.47509665021 [Gyr]
116078 0.46999999902 45.0408946919 5.47509665021 [Gyr]
24914 0.46999999902 112.745111663 5.47509665021 [Gyr]
66691 0.46999999902 24.473464505 5.47509665021 [Gyr]
74540 0.46999999902 114.106911346 5.47509665021 [Gyr]
90917 0.46999999902 185.996856818 5.47509665021 [Gyr]
13183 0.46999999902 118.033886675 5.47509665021 [Gyr]
97112 0.46999999902 31.105595952 5.47509665021 [Gyr]
24299 0.46999999902 161.475054744 5.47509665021 [Gyr]
80303 0.46999999902 174.522886534 5.47509665021 [Gyr]
75033 0.46999999902 38.062498912 5.47509665021 [Gyr]
94785 0.46999999902 89.7651991129 5.47509665021 [Gyr]
116332 0.46999999902 41.1648906299 5.47509665021 [Gyr]
91861 0.46999999902 133.672545921 5.47509665021 [Gyr]
49450 0.46999999902 41.6552683007 5.47509665021 [Gyr]
95335 0.46999999902 87.9849007275 5.47509665021 [Gyr]
121844 0.46999999902 165.548963609 5.47509665021 [Gyr]
52066 0.46999999902 53.2560809544 5.47509665021 [Gyr]
66866 0.46999999902 47.1594574227 5.47509665021 [Gyr]
100932 0.46999999902 46.892045111 5.47509665021 [Gyr]
123200 0.46999999902 82.0693445191 5.47509665021 [Gyr]
91703 0.46999999902 33.5702704156 5.47509665021 [Gyr]
110671 0.46999999902 47.1956193888 5.47509665021 [Gyr]
91537 0.479999999768 49.0336425341 5.63588488461 [Gyr]
113843 0.479999999768 21.277407286 5.63588488461 [Gyr]
39304 0.479999999768 65.9542386652 5.63588488461 [Gyr]
127707 0.479999999768 69.7437421602 5.63588488461 [Gyr]
110054 0.479999999768 65.753892746 5.63588488461 [Gyr]
57105 0.479999999768 43.6592642242 5.63588488461 [Gyr]
57838 0.479999999768 65.5853378403 5.63588488461 [Gyr]
24236 0.479999999768 52.7249523863 5.63588488461 [Gyr]
126813 0.479999999768 20.3607789533 5.63588488461 [Gyr]
110189 0.479999999768 40.5896444681 5.63588488461 [Gyr]
113239 0.479999999768 17.5924621231 5.63588488461 [Gyr]
24997 0.479999999768 66.50995759 5.63588488461 [Gyr]
24176 0.479999999768 59.2744149555 5.63588488461 [Gyr]
17290 0.479999999768 58.5279184299 5.63588488461 [Gyr]
94917 0.479999999768 5.92303381809 5.63588488461 [Gyr]
116078 0.479999999768 74.5728893486 5.63588488461 [Gyr]
24914 0.479999999768 51.849187791 5.63588488461 [Gyr]
66691 0.479999999768 69.1951051307 5.63588488461 [Gyr]
74540 0.479999999768 58.7585096474 5.63588488461 [Gyr]
90917 0.479999999768 96.2819114175 5.63588488461 [Gyr]
13183 0.479999999768 28.6833819821 5.63588488461 [Gyr]
97112 0.479999999768 60.2932466415 5.63588488461 [Gyr]
24299 0.479999999768 62.9243333705 5.63588488461 [Gyr]
80303 0.479999999768 103.573367951 5.63588488461 [Gyr]
75033 0.479999999768 48.0234208839 5.63588488461 [Gyr]
94785 0.479999999768 8.05725378696 5.63588488461 [Gyr]
116332 0.479999999768 77.5890197809 5.63588488461 [Gyr]
91861 0.479999999768 70.5354655055 5.63588488461 [Gyr]
49450 0.479999999768 71.665407215 5.63588488461 [Gyr]
95335 0.479999999768 67.2693901666 5.63588488461 [Gyr]
121844 0.479999999768 77.281743354 5.63588488461 [Gyr]
52066 0.479999999768 40.0704184276 5.63588488461 [Gyr]
66866 0.479999999768 96.3288187971 5.63588488461 [Gyr]
100932 0.479999999768 86.9038443559 5.63588488461 [Gyr]
123200 0.479999999768 6.74251791304 5.63588488461 [Gyr]
91703 0.479999999768 68.5806646598 5.63588488461 [Gyr]
110671 0.479999999768 58.4422934031 5.63588488461 [Gyr]
91537 0.489999996747 45.9719891334 5.79714586274 [Gyr]
113843 0.489999996747 11.5961108443 5.79714586274 [Gyr]
39304 0.489999996747 75.003401047 5.79714586274 [Gyr]
127707 0.489999996747 24.1921252766 5.79714586274 [Gyr]
110054 0.489999996747 61.3609922002 5.79714586274 [Gyr]
57105 0.489999996747 19.4173760871 5.79714586274 [Gyr]
57838 0.489999996747 26.0069057009 5.79714586274 [Gyr]
24236 0.489999996747 28.7847132477 5.79714586274 [Gyr]
126813 0.489999996747 26.2563531584 5.79714586274 [Gyr]
110189 0.489999996747 44.8730740144 5.79714586274 [Gyr]
113239 0.489999996747 12.7744641384 5.79714586274 [Gyr]
24997 0.489999996747 31.4434556079 5.79714586274 [Gyr]
24176 0.489999996747 62.6528385127 5.79714586274 [Gyr]
17290 0.489999996747 26.1493443601 5.79714586274 [Gyr]
94917 0.489999996747 31.2492079183 5.79714586274 [Gyr]
116078 0.489999996747 24.8939154361 5.79714586274 [Gyr]
24914 0.489999996747 54.5355074086 5.79714586274 [Gyr]
66691 0.489999996747 37.9835113438 5.79714586274 [Gyr]
74540 0.489999996747 38.25340864 5.79714586274 [Gyr]
90917 0.489999996747 93.0975366231 5.79714586274 [Gyr]
13183 0.489999996747 20.5658913196 5.79714586274 [Gyr]
97112 0.489999996747 40.3385590996 5.79714586274 [Gyr]
24299 0.489999996747 39.8385493578 5.79714586274 [Gyr]
80303 0.489999996747 92.6637436066 5.79714586274 [Gyr]
75033 0.489999996747 28.4895721676 5.79714586274 [Gyr]
94785 0.489999996747 32.2583556451 5.79714586274 [Gyr]
116332 0.489999996747 45.9323238687 5.79714586274 [Gyr]
91861 0.489999996747 55.7077513922 5.79714586274 [Gyr]
49450 0.489999996747 31.9339764572 5.79714586274 [Gyr]
95335 0.489999996747 56.8772103713 5.79714586274 [Gyr]
121844 0.489999996747 77.7419887882 5.79714586274 [Gyr]
52066 0.489999996747 27.1784480473 5.79714586274 [Gyr]
66866 0.489999996747 77.2930851365 5.79714586274 [Gyr]
100932 0.489999996747 46.055774666 5.79714586274 [Gyr]
123200 0.489999996747 31.509968072 5.79714586274 [Gyr]
91703 0.489999996747 41.4502728001 5.79714586274 [Gyr]
110671 0.489999996747 52.3502318463 5.79714586274 [Gyr]
91537 0.499999999256 293.484671425 5.95881478633 [Gyr]
113843 0.499999999256 280.957961744 5.95881478633 [Gyr]
39304 0.499999999256 299.945892998 5.95881478633 [Gyr]
127707 0.499999999256 307.845363352 5.95881478633 [Gyr]
110054 0.499999999256 308.926266041 5.95881478633 [Gyr]
57105 0.499999999256 303.802838646 5.95881478633 [Gyr]
57838 0.499999999256 306.417670981 5.95881478633 [Gyr]
24236 0.499999999256 298.474584796 5.95881478633 [Gyr]
126813 0.499999999256 289.937777578 5.95881478633 [Gyr]
110189 0.499999999256 290.323078132 5.95881478633 [Gyr]
113239 0.499999999256 274.133070056 5.95881478633 [Gyr]
24997 0.499999999256 307.417217054 5.95881478633 [Gyr]
24176 0.499999999256 295.310766471 5.95881478633 [Gyr]
17290 0.499999999256 298.413285072 5.95881478633 [Gyr]
94917 0.499999999256 288.533824579 5.95881478633 [Gyr]
116078 0.499999999256 310.217185112 5.95881478633 [Gyr]
24914 0.499999999256 297.57472026 5.95881478633 [Gyr]
66691 0.499999999256 292.131128355 5.95881478633 [Gyr]
74540 0.499999999256 321.203606076 5.95881478633 [Gyr]
90917 0.499999999256 315.386977376 5.95881478633 [Gyr]
13183 0.499999999256 280.739231517 5.95881478633 [Gyr]
97112 0.499999999256 288.355409685 5.95881478633 [Gyr]
24299 0.499999999256 302.659050214 5.95881478633 [Gyr]
80303 0.499999999256 372.008976764 5.95881478633 [Gyr]
75033 0.499999999256 292.118531335 5.95881478633 [Gyr]
94785 0.499999999256 293.177956343 5.95881478633 [Gyr]
116332 0.499999999256 267.829793442 5.95881478633 [Gyr]
91861 0.499999999256 337.066936358 5.95881478633 [Gyr]
49450 0.499999999256 307.13959944 5.95881478633 [Gyr]
95335 0.499999999256 299.050101249 5.95881478633 [Gyr]
121844 0.499999999256 317.435136324 5.95881478633 [Gyr]
52066 0.499999999256 318.410220949 5.95881478633 [Gyr]
66866 0.499999999256 296.86522537 5.95881478633 [Gyr]
100932 0.499999999256 283.979257601 5.95881478633 [Gyr]
123200 0.499999999256 284.839859766 5.95881478633 [Gyr]
91703 0.499999999256 307.903844629 5.95881478633 [Gyr]
110671 0.499999999256 298.014998258 5.95881478633 [Gyr]
91537 0.509999998803 28.2491976586 6.12082816447 [Gyr]
113843 0.509999998803 9.54893273054 6.12082816447 [Gyr]
39304 0.509999998803 58.3401147223 6.12082816447 [Gyr]
127707 0.509999998803 54.325585021 6.12082816447 [Gyr]
110054 0.509999998803 27.1396262056 6.12082816447 [Gyr]
57105 0.509999998803 29.6292455622 6.12082816447 [Gyr]
57838 0.509999998803 55.1077920052 6.12082816447 [Gyr]
24236 0.509999998803 27.051411864 6.12082816447 [Gyr]
126813 0.509999998803 51.165178552 6.12082816447 [Gyr]
110189 0.509999998803 34.169615856 6.12082816447 [Gyr]
113239 0.509999998803 16.2895920059 6.12082816447 [Gyr]
24997 0.509999998803 61.6362385401 6.12082816447 [Gyr]
24176 0.509999998803 35.8274866341 6.12082816447 [Gyr]
17290 0.509999998803 49.6374915591 6.12082816447 [Gyr]
94917 0.509999998803 55.3373676555 6.12082816447 [Gyr]
116078 0.509999998803 57.0604327068 6.12082816447 [Gyr]
24914 0.509999998803 39.4808379142 6.12082816447 [Gyr]
66691 0.509999998803 37.4454620337 6.12082816447 [Gyr]
74540 0.509999998803 39.2143705143 6.12082816447 [Gyr]
90917 0.509999998803 48.3374062995 6.12082816447 [Gyr]
13183 0.509999998803 60.6617080244 6.12082816447 [Gyr]
97112 0.509999998803 33.6091689008 6.12082816447 [Gyr]
24299 0.509999998803 25.2820633158 6.12082816447 [Gyr]
80303 0.509999998803 77.5697329044 6.12082816447 [Gyr]
75033 0.509999998803 35.0884645263 6.12082816447 [Gyr]
94785 0.509999998803 74.3877931895 6.12082816447 [Gyr]
116332 0.509999998803 30.3168463665 6.12082816447 [Gyr]
91861 0.509999998803 56.9069823621 6.12082816447 [Gyr]
49450 0.509999998803 62.9773347614 6.12082816447 [Gyr]
95335 0.509999998803 29.6296208706 6.12082816447 [Gyr]
121844 0.509999998803 46.9816934446 6.12082816447 [Gyr]
52066 0.509999998803 54.7636328868 6.12082816447 [Gyr]
66866 0.509999998803 67.8227382689 6.12082816447 [Gyr]
100932 0.509999998803 37.2000864774 6.12082816447 [Gyr]
123200 0.509999998803 53.7270363432 6.12082816447 [Gyr]
91703 0.509999998803 60.5844452817 6.12082816447 [Gyr]
110671 0.509999998803 51.3062045287 6.12082816447 [Gyr]
91537 0.519999998504 262.543519102 6.28312434165 [Gyr]
576460752303515297 0.519999998504 261.789411269 6.28312434165 [Gyr]
113843 0.519999998504 259.2916289 6.28312434165 [Gyr]
39304 0.519999998504 276.30769789 6.28312434165 [Gyr]
127707 0.519999998504 265.091366641 6.28312434165 [Gyr]
110054 0.519999998504 262.742452801 6.28312434165 [Gyr]
57105 0.519999998504 260.451121469 6.28312434165 [Gyr]
57838 0.519999998504 264.030115678 6.28312434165 [Gyr]
24236 0.519999998504 261.708454212 6.28312434165 [Gyr]
126813 0.519999998504 271.666551447 6.28312434165 [Gyr]
110189 0.519999998504 261.381592067 6.28312434165 [Gyr]
113239 0.519999998504 262.892643433 6.28312434165 [Gyr]
24997 0.519999998504 270.938730306 6.28312434165 [Gyr]
24176 0.519999998504 261.827535588 6.28312434165 [Gyr]
17290 0.519999998504 265.668626124 6.28312434165 [Gyr]
94917 0.519999998504 265.490322575 6.28312434165 [Gyr]
116078 0.519999998504 279.934045155 6.28312434165 [Gyr]
24914 0.519999998504 261.601736509 6.28312434165 [Gyr]
66691 0.519999998504 262.374432987 6.28312434165 [Gyr]
576460760893371228 0.519999998504 261.796719084 6.28312434165 [Gyr]
576460752303498264 0.519999998504 264.370814919 6.28312434165 [Gyr]
74540 0.519999998504 261.619710788 6.28312434165 [Gyr]
90917 0.519999998504 257.687861552 6.28312434165 [Gyr]
13183 0.519999998504 279.928029666 6.28312434165 [Gyr]
97112 0.519999998504 262.546305055 6.28312434165 [Gyr]
24299 0.519999998504 261.746961887 6.28312434165 [Gyr]
80303 0.519999998504 267.201961708 6.28312434165 [Gyr]
75033 0.519999998504 262.717025696 6.28312434165 [Gyr]
94785 0.519999998504 284.3289953 6.28312434165 [Gyr]
116332 0.519999998504 261.803424027 6.28312434165 [Gyr]
91861 0.519999998504 269.958500048 6.28312434165 [Gyr]
49450 0.519999998504 275.841940345 6.28312434165 [Gyr]
95335 0.519999998504 262.195672075 6.28312434165 [Gyr]
121844 0.519999998504 250.93858144 6.28312434165 [Gyr]
52066 0.519999998504 270.561541603 6.28312434165 [Gyr]
66866 0.519999998504 261.747607953 6.28312434165 [Gyr]
576460752303547181 0.519999998504 260.989832378 6.28312434165 [Gyr]
100932 0.519999998504 262.930050822 6.28312434165 [Gyr]
123200 0.519999998504 270.52868339 6.28312434165 [Gyr]
91703 0.519999998504 265.118098291 6.28312434165 [Gyr]
110671 0.519999998504 261.277952079 6.28312434165 [Gyr]
91537 0.529999997857 13.9953990394 6.44564330014 [Gyr]
576460760893438407 0.529999997857 15.1129991683 6.44564330014 [Gyr]
576460752303537177 0.529999997857 14.8704976571 6.44564330014 [Gyr]
576460752303515297 0.529999997857 14.4869020118 6.44564330014 [Gyr]
113843 0.529999997857 14.883174526 6.44564330014 [Gyr]
39304 0.529999997857 19.8987249381 6.44564330014 [Gyr]
127707 0.529999997857 14.9786003016 6.44564330014 [Gyr]
110054 0.529999997857 14.9526718808 6.44564330014 [Gyr]
57105 0.529999997857 14.7383256142 6.44564330014 [Gyr]
57838 0.529999997857 14.5905146365 6.44564330014 [Gyr]
576460752303503707 0.529999997857 15.0891182937 6.44564330014 [Gyr]
24236 0.529999997857 14.7959589056 6.44564330014 [Gyr]
126813 0.529999997857 15.0571557946 6.44564330014 [Gyr]
110189 0.529999997857 14.4482745359 6.44564330014 [Gyr]
113239 0.529999997857 14.5620464381 6.44564330014 [Gyr]
24997 0.529999997857 15.0199429131 6.44564330014 [Gyr]
17290 0.529999997857 15.8429350793 6.44564330014 [Gyr]
94917 0.529999997857 14.8948886441 6.44564330014 [Gyr]
116078 0.529999997857 13.4736483788 6.44564330014 [Gyr]
576460760893415121 0.529999997857 14.4546051685 6.44564330014 [Gyr]
24914 0.529999997857 14.5722278176 6.44564330014 [Gyr]
66691 0.529999997857 14.4395266619 6.44564330014 [Gyr]
576460760893371228 0.529999997857 14.7925455835 6.44564330014 [Gyr]
576460752303498264 0.529999997857 14.8238094592 6.44564330014 [Gyr]
576460760893404284 0.529999997857 14.4019926897 6.44564330014 [Gyr]
74540 0.529999997857 15.3817170853 6.44564330014 [Gyr]
90917 0.529999997857 15.5653723908 6.44564330014 [Gyr]
13183 0.529999997857 14.768481601 6.44564330014 [Gyr]
97112 0.529999997857 14.074496413 6.44564330014 [Gyr]
576460760893414780 0.529999997857 0.259490993373 6.44564330014 [Gyr]
24299 0.529999997857 15.2715578322 6.44564330014 [Gyr]
80303 0.529999997857 14.3106794923 6.44564330014 [Gyr]
75033 0.529999997857 14.09373707 6.44564330014 [Gyr]
94785 0.529999997857 14.7783660677 6.44564330014 [Gyr]
576460752303501065 0.529999997857 15.2098557736 6.44564330014 [Gyr]
116332 0.529999997857 15.2580995746 6.44564330014 [Gyr]
91861 0.529999997857 14.4127477997 6.44564330014 [Gyr]
49450 0.529999997857 21.0155719379 6.44564330014 [Gyr]
1729382291270025121 0.529999997857 14.7337109918 6.44564330014 [Gyr]
95335 0.529999997857 14.3373401807 6.44564330014 [Gyr]
121844 0.529999997857 13.7437838301 6.44564330014 [Gyr]
52066 0.529999997857 14.6003454512 6.44564330014 [Gyr]
66866 0.529999997857 14.793024027 6.44564330014 [Gyr]
576460752303547181 0.529999997857 14.5568320969 6.44564330014 [Gyr]
100932 0.529999997857 14.4346000015 6.44564330014 [Gyr]
576460752303547240 0.529999997857 14.2233988131 6.44564330014 [Gyr]
123200 0.529999997857 14.97746922 6.44564330014 [Gyr]
576460752303489012 0.529999997857 15.1678640128 6.44564330014 [Gyr]
91703 0.529999997857 15.5123088043 6.44564330014 [Gyr]
110671 0.529999997857 14.5785395037 6.44564330014 [Gyr]
39304 0.539999998397 1.05556603721 6.60832679452 [Gyr]
576460760893415121 0.539999998397 0.371146428136 6.60832679452 [Gyr]
576460760893414780 0.539999998397 5.10749066688 6.60832679452 [Gyr]
576460752303466542 0.539999998397 0.457003077704 6.60832679452 [Gyr]
576460760893481439 0.539999998397 0.735964088446 6.60832679452 [Gyr]
576460760893388313 0.539999998397 4.8254478815 6.60832679452 [Gyr]
1152921530376747925 0.539999998397 1.07655152991 6.60832679452 [Gyr]
121844 0.539999998397 7.70907670068 6.60832679452 [Gyr]
576460752303547240 0.539999998397 1.0090849155 6.60832679452 [Gyr]
576460752303451561 0.539999998397 0.608592776645 6.60832679452 [Gyr]
576460752303468299 0.549999997857 1.49652894615 6.77111829396 [Gyr]
1152921504606921437 0.549999997857 0.286551565201 6.77111829396 [Gyr]
1152921504606944653 0.549999997857 0.597339966116 6.77111829396 [Gyr]
121844 0.549999997857 1.17032507781 6.77111829396 [Gyr]
576460752303547240 0.549999997857 0.547786871986 6.77111829396 [Gyr]
1152921504606912664 0.549999997857 0.35740089795 6.77111829396 [Gyr]
2305843060753362061 0.559999998563 180.307360118 6.9339631502 [Gyr]
1152921521786757682 0.559999998563 180.820816703 6.9339631502 [Gyr]
1729382256910345367 0.569999999434 149.373983933 7.09680849295 [Gyr]
4035226125117451354 0.589999997951 27.4711019637 7.42229844483 [Gyr]
4035225575361637466 0.589999997951 27.3876811481 7.42229844483 [Gyr]
6341077234639515863 0.599999997144 46.8319227327 7.58484668732 [Gyr]
2882303950495729374 0.599999997144 46.4533941567 7.58484668732 [Gyr]
3458764651259545310 0.6099999981 22.8671120236 7.74720266863 [Gyr]
8070564804147871732 0.6099999981 22.7331683591 7.74720266863 [Gyr]
5764608167279375511 0.629999996816 105.690990063 8.07116554142 [Gyr]
5764612565325886615 0.629999996816 105.497728507 8.07116554142 [Gyr]
