91537 0.249999999256 448.982252106
113843 0.249999999256 440.57534196
39304 0.249999999256 340.687463274
127707 0.249999999256 423.6034161
110054 0.249999999256 427.199387548
57105 0.249999999256 258.730762178
57838 0.249999999256 348.198290058
24236 0.249999999256 396.045809661
126813 0.249999999256 433.270328169
110189 0.249999999256 487.356803613
113239 0.249999999256 460.803282925
24997 0.249999999256 259.176784895
24176 0.249999999256 337.949084038
17290 0.249999999256 137.810169334
94917 0.249999999256 446.816145288
116078 0.249999999256 364.420171629
24914 0.249999999256 332.697544708
66691 0.249999999256 75.776182447
74540 0.249999999256 325.952013613
90917 0.249999999256 463.244961603
13183 0.249999999256 193.442381269
97112 0.249999999256 287.585315365
24299 0.249999999256 398.095049531
80303 0.249999999256 264.86081043
75033 0.249999999256 318.944440309
94785 0.249999999256 408.477732014
116332 0.249999999256 406.307432019
91861 0.249999999256 425.203490872
49450 0.249999999256 120.899009811
95335 0.249999999256 308.536091172
121844 0.249999999256 522.787555714
52066 0.249999999256 135.388251294
66866 0.249999999256 127.946390621
100932 0.249999999256 281.879330974
123200 0.249999999256 458.688440497
91703 0.249999999256 327.74233837
110671 0.249999999256 407.82859279
