91537 0.259999998865 286.973047574
113843 0.259999998865 301.868179431
39304 0.259999998865 211.743577878
127707 0.259999998865 278.926383273
110054 0.259999998865 250.42798416
57105 0.259999998865 106.092914286
57838 0.259999998865 192.705169581
24236 0.259999998865 377.832963237
126813 0.259999998865 283.320388347
110189 0.259999998865 335.4864775
113239 0.259999998865 313.00970821
24997 0.259999998865 168.660774486
24176 0.259999998865 303.710869149
17290 0.259999998865 300.324672768
94917 0.259999998865 296.079592472
116078 0.259999998865 287.10254594
24914 0.259999998865 262.079853918
66691 0.259999998865 149.066924648
74540 0.259999998865 182.79275735
90917 0.259999998865 332.094440615
13183 0.259999998865 227.327859562
97112 0.259999998865 142.378674629
24299 0.259999998865 380.7971201
80303 0.259999998865 172.820021015
75033 0.259999998865 118.294706436
94785 0.259999998865 242.962455111
116332 0.259999998865 318.24776452
91861 0.259999998865 240.522683852
49450 0.259999998865 302.648011853
95335 0.259999998865 159.928744172
121844 0.259999998865 336.958595963
52066 0.259999998865 337.673621237
66866 0.259999998865 298.761069978
100932 0.259999998865 98.5647789219
123200 0.259999998865 299.181643914
91703 0.259999998865 136.694770223
110671 0.259999998865 243.302152627
