91537 0.269999998797 424.551738043
113843 0.269999998797 416.86002926
39304 0.269999998797 320.582053534
127707 0.269999998797 405.843872389
110054 0.269999998797 388.018946667
57105 0.269999998797 229.252413428
57838 0.269999998797 358.950621132
24236 0.269999998797 385.569103837
126813 0.269999998797 410.186334253
110189 0.269999998797 466.728121243
113239 0.269999998797 436.093859731
24997 0.269999998797 236.780244357
24176 0.269999998797 320.008627028
17290 0.269999998797 156.323982963
94917 0.269999998797 439.524631691
116078 0.269999998797 355.242822762
24914 0.269999998797 316.812884578
66691 0.269999998797 93.0605069994
74540 0.269999998797 295.868888829
90917 0.269999998797 443.38057152
13183 0.269999998797 180.150107374
97112 0.269999998797 257.137051105
24299 0.269999998797 386.273471089
80303 0.269999998797 232.471742938
75033 0.269999998797 293.149686141
94785 0.269999998797 384.848551439
116332 0.269999998797 390.623654972
91861 0.269999998797 389.219944418
49450 0.269999998797 153.1892788
95335 0.269999998797 308.421767356
121844 0.269999998797 497.485821557
52066 0.269999998797 159.462325681
66866 0.269999998797 159.336042704
100932 0.269999998797 261.300918937
123200 0.269999998797 433.376447235
91703 0.269999998797 296.539872571
110671 0.269999998797 385.760646482
