91537 0.279999998865 409.226525926
113843 0.279999998865 399.093279365
39304 0.279999998865 305.800253351
127707 0.279999998865 388.294587552
110054 0.279999998865 353.752699674
57105 0.279999998865 210.954738527
57838 0.279999998865 351.427863847
24236 0.279999998865 383.339939551
126813 0.279999998865 392.330011694
110189 0.279999998865 452.617337011
113239 0.279999998865 421.029929553
24997 0.279999998865 220.621422541
24176 0.279999998865 311.336128808
17290 0.279999998865 163.03340671
94917 0.279999998865 428.991238451
116078 0.279999998865 343.727643369
24914 0.279999998865 305.936745421
66691 0.279999998865 91.1356074227
74540 0.279999998865 277.65106986
90917 0.279999998865 431.804229413
13183 0.279999998865 179.42790233
97112 0.279999998865 237.65913156
24299 0.279999998865 383.871807227
80303 0.279999998865 214.015359714
75033 0.279999998865 275.420766082
94785 0.279999998865 368.551970805
116332 0.279999998865 378.165815467
91861 0.279999998865 369.749404803
49450 0.279999998865 164.36571867
95335 0.279999998865 298.40593059
121844 0.279999998865 479.25057679
52066 0.279999998865 171.302574458
66866 0.279999998865 170.591989786
100932 0.279999998865 241.17938039
123200 0.279999998865 415.644754793
91703 0.279999998865 274.149072708
110671 0.279999998865 372.309257707
