91537 0.289999998474 318.151497951
113843 0.289999998474 299.92070082
39304 0.289999998474 228.628401444
127707 0.289999998474 250.217716996
110054 0.289999998474 255.705827995
57105 0.289999998474 114.953740058
57838 0.289999998474 168.702347252
24236 0.289999998474 417.745175383
126813 0.289999998474 280.994538192
110189 0.289999998474 364.709270887
113239 0.289999998474 335.135546192
24997 0.289999998474 172.409279751
24176 0.289999998474 329.903259527
17290 0.289999998474 281.17240347
94917 0.289999998474 344.067398789
116078 0.289999998474 266.856299161
24914 0.289999998474 277.803454603
66691 0.289999998474 137.694115381
74540 0.289999998474 213.419882485
90917 0.289999998474 376.951617888
13183 0.289999998474 233.225937845
97112 0.289999998474 167.213114322
24299 0.289999998474 419.538111748
80303 0.289999998474 210.214665382
75033 0.289999998474 140.940140871
94785 0.289999998474 273.487643979
116332 0.289999998474 300.086260504
91861 0.289999998474 270.930432701
49450 0.289999998474 290.456759291
95335 0.289999998474 133.661461711
121844 0.289999998474 354.683721216
52066 0.289999998474 320.812602792
66866 0.289999998474 288.076667021
100932 0.289999998474 83.6889410238
123200 0.289999998474 314.511811141
91703 0.289999998474 153.639006083
110671 0.289999998474 274.985334225
