91537 0.299999998126 412.769503961
113843 0.299999998126 381.828686594
39304 0.299999998126 300.030725545
127707 0.299999998126 357.056659801
110054 0.299999998126 327.963300576
57105 0.299999998126 200.682430993
57838 0.299999998126 329.916663607
24236 0.299999998126 407.971173831
126813 0.299999998126 374.496503746
110189 0.299999998126 453.61186137
113239 0.299999998126 418.326843695
24997 0.299999998126 216.58638545
24176 0.299999998126 322.794044029
17290 0.299999998126 147.773315482
94917 0.299999998126 432.04482965
116078 0.299999998126 318.717109055
24914 0.299999998126 308.539810956
66691 0.299999998126 87.9053183933
74540 0.299999998126 272.701001435
90917 0.299999998126 440.419821074
13183 0.299999998126 217.452508892
97112 0.299999998126 227.119563264
24299 0.299999998126 408.477207145
80303 0.299999998126 213.141325078
75033 0.299999998126 265.871440118
94785 0.299999998126 376.244090698
116332 0.299999998126 357.57098738
91861 0.299999998126 363.8256722
49450 0.299999998126 152.092126713
95335 0.299999998126 273.952323833
121844 0.299999998126 469.76964769
52066 0.299999998126 159.087638889
66866 0.299999998126 158.928604611
100932 0.299999998126 210.433576478
123200 0.299999998126 405.396506264
91703 0.299999998126 255.067967014
110671 0.299999998126 364.90357762
