91537 0.309999998619 411.25216327
113843 0.309999998619 366.729527804
39304 0.309999998619 301.187170516
127707 0.309999998619 340.719780024
110054 0.309999998619 316.007612151
57105 0.309999998619 200.564720326
57838 0.309999998619 331.399394841
24236 0.309999998619 412.695673712
126813 0.309999998619 360.170136554
110189 0.309999998619 449.679405681
113239 0.309999998619 410.3986577
24997 0.309999998619 221.003705721
24176 0.309999998619 328.31282043
17290 0.309999998619 150.13183952
94917 0.309999998619 426.677787115
116078 0.309999998619 301.063511433
24914 0.309999998619 313.275769913
66691 0.309999998619 89.2876254516
74540 0.309999998619 269.546530805
90917 0.309999998619 439.463452206
13183 0.309999998619 233.397647699
97112 0.309999998619 221.760133088
24299 0.309999998619 413.059734075
80303 0.309999998619 215.332744773
75033 0.309999998619 264.409043511
94785 0.309999998619 372.621083953
116332 0.309999998619 339.407599415
91861 0.309999998619 359.442426688
49450 0.309999998619 148.413436129
95335 0.309999998619 272.8328443
121844 0.309999998619 462.420922367
52066 0.309999998619 152.887678715
66866 0.309999998619 157.401602988
100932 0.309999998619 197.655543392
123200 0.309999998619 394.710950158
91703 0.309999998619 248.25312139
110671 0.309999998619 368.67581937
