91537 0.319999997749 396.079002262
113843 0.319999997749 345.036709063
39304 0.319999997749 285.096169537
127707 0.319999997749 315.116997704
110054 0.319999997749 295.845101088
57105 0.319999997749 180.390550355
57838 0.319999997749 311.239311064
24236 0.319999997749 412.025702178
126813 0.319999997749 337.507357335
110189 0.319999997749 436.02905808
113239 0.319999997749 393.816375411
24997 0.319999997749 205.786960972
24176 0.319999997749 323.689102522
17290 0.319999997749 155.463591844
94917 0.319999997749 410.975985752
116078 0.319999997749 279.314920427
24914 0.319999997749 302.573235045
66691 0.319999997749 82.3335225497
74540 0.319999997749 257.172757355
90917 0.319999997749 429.141227806
13183 0.319999997749 242.149397256
97112 0.319999997749 202.355454342
24299 0.319999997749 412.190792456
80303 0.319999997749 208.814162074
75033 0.319999997749 245.537920455
94785 0.319999997749 354.912333768
116332 0.319999997749 317.487906873
91861 0.319999997749 341.991116695
49450 0.319999997749 151.442638207
95335 0.319999997749 255.312619553
121844 0.319999997749 443.017260674
52066 0.319999997749 157.333494968
66866 0.319999997749 162.002743782
100932 0.319999997749 171.407875637
123200 0.319999997749 373.967647467
91703 0.319999997749 225.973772017
110671 0.319999997749 351.292945848
