91537 0.32999999947 171.580052987
113843 0.32999999947 276.804580085
39304 0.32999999947 127.87944145
127707 0.32999999947 400.242094801
110054 0.32999999947 114.864026174
57105 0.32999999947 180.537492763
57838 0.32999999947 424.986688485
24236 0.32999999947 148.828081577
126813 0.32999999947 266.40371445
110189 0.32999999947 212.153221841
113239 0.32999999947 208.27364576
24997 0.32999999947 135.060546393
24176 0.32999999947 101.350617378
17290 0.32999999947 423.873640319
94917 0.32999999947 186.215938829
116078 0.32999999947 411.855494749
24914 0.32999999947 119.657745927
66691 0.32999999947 250.3824343
74540 0.32999999947 85.2627743168
90917 0.32999999947 164.609331734
13183 0.32999999947 50.1371882385
97112 0.32999999947 119.144858775
24299 0.32999999947 149.551103107
80303 0.32999999947 75.7662050641
75033 0.32999999947 177.691697628
94785 0.32999999947 176.888964882
116332 0.32999999947 396.961485657
91861 0.32999999947 131.455551672
49450 0.32999999947 419.137404413
95335 0.32999999947 409.13281428
121844 0.32999999947 249.785094686
52066 0.32999999947 419.635249379
66866 0.32999999947 432.643439345
100932 0.32999999947 233.322238731
123200 0.32999999947 178.579783042
91703 0.32999999947 142.11761312
110671 0.32999999947 163.009194039
