91537 0.339999999372 377.132254544
113843 0.339999999372 310.532743527
39304 0.339999999372 268.245542176
127707 0.339999999372 271.975707389
110054 0.339999999372 273.596937673
57105 0.339999999372 153.009589478
57838 0.339999999372 278.660581305
24236 0.339999999372 414.644997781
126813 0.339999999372 302.139730788
110189 0.339999999372 419.310381339
113239 0.339999999372 370.377911764
24997 0.339999999372 182.349838974
24176 0.339999999372 325.073564494
17290 0.339999999372 152.572805637
94917 0.339999999372 390.971661293
116078 0.339999999372 239.536977689
24914 0.339999999372 292.239924654
66691 0.339999999372 75.0747569575
74540 0.339999999372 256.730568402
90917 0.339999999372 419.261583613
13183 0.339999999372 266.390175625
97112 0.339999999372 180.411199279
24299 0.339999999372 414.925531399
80303 0.339999999372 211.896564589
75033 0.339999999372 219.49570584
94785 0.339999999372 328.2579688
116332 0.339999999372 277.25601262
91861 0.339999999372 336.01930354
49450 0.339999999372 140.937681402
95335 0.339999999372 228.787747483
121844 0.339999999372 418.299565491
52066 0.339999999372 148.673831834
66866 0.339999999372 156.357596545
100932 0.339999999372 140.20646733
123200 0.339999999372 346.537589057
91703 0.339999999372 195.816440948
110671 0.339999999372 324.350758035
