91537 0.349999999551 320.646862831
113843 0.349999999551 242.695998814
39304 0.349999999551 225.923927955
127707 0.349999999551 172.656545489
110054 0.349999999551 243.2875488
57105 0.349999999551 85.4213671505
57838 0.349999999551 167.757529529
24236 0.349999999551 417.599429401
126813 0.349999999551 225.659360841
110189 0.349999999551 369.706891436
113239 0.349999999551 317.414961245
24997 0.349999999551 146.973279376
24176 0.349999999551 335.212977669
17290 0.349999999551 221.467808502
94917 0.349999999551 348.915981154
116078 0.349999999551 178.382790045
24914 0.349999999551 266.359676914
66691 0.349999999551 65.0634835585
74540 0.349999999551 229.536139993
90917 0.349999999551 390.274095871
13183 0.349999999551 261.282242703
97112 0.349999999551 154.454529836
24299 0.349999999551 418.947368702
80303 0.349999999551 224.654498097
75033 0.349999999551 145.937210967
94785 0.349999999551 268.640765677
116332 0.349999999551 211.066765617
91861 0.349999999551 303.813023457
49450 0.349999999551 206.781657245
95335 0.349999999551 137.784897777
121844 0.349999999551 347.006023453
52066 0.349999999551 225.583270663
66866 0.349999999551 221.33295017
100932 0.349999999551 50.8883268955
123200 0.349999999551 291.122757708
91703 0.349999999551 145.323145698
110671 0.349999999551 271.091838683
