91537 0.359999999111 346.993596681
113843 0.359999999111 257.861261464
39304 0.359999999111 245.695964494
127707 0.359999999111 211.606276989
110054 0.359999999111 250.843565195
57105 0.359999999111 100.898078931
57838 0.359999999111 230.274791566
24236 0.359999999111 405.298560278
126813 0.359999999111 248.862223213
110189 0.359999999111 387.04680218
113239 0.359999999111 332.103827426
24997 0.359999999111 148.278557155
24176 0.359999999111 325.722433846
17290 0.359999999111 154.372665118
94917 0.359999999111 359.645742416
116078 0.359999999111 189.109203354
24914 0.359999999111 273.583092134
66691 0.359999999111 46.2927193648
74540 0.359999999111 247.88627433
90917 0.359999999111 397.195843945
13183 0.359999999111 271.58630277
97112 0.359999999111 153.46248262
24299 0.359999999111 406.640150259
80303 0.359999999111 213.890022323
75033 0.359999999111 176.70171675
94785 0.359999999111 287.68386371
116332 0.359999999111 219.735111426
91861 0.359999999111 322.956987658
49450 0.359999999111 135.572748625
95335 0.359999999111 188.82506065
121844 0.359999999111 378.474064378
52066 0.359999999111 147.279377646
66866 0.359999999111 154.327208044
100932 0.359999999111 87.1148265919
123200 0.359999999111 305.490339087
91703 0.359999999111 157.964231772
110671 0.359999999111 286.867835111
