91537 0.369999998875 323.561380773
113843 0.369999998875 222.403498422
39304 0.369999998875 228.515442735
127707 0.369999998875 154.134905912
110054 0.369999998875 244.831326472
57105 0.369999998875 64.054904872
57838 0.369999998875 173.582624506
24236 0.369999998875 404.473667717
126813 0.369999998875 209.932190767
110189 0.369999998875 365.349120286
113239 0.369999998875 308.951458422
24997 0.369999998875 133.601623364
24176 0.369999998875 331.304346761
17290 0.369999998875 170.196456197
94917 0.369999998875 345.952090761
116078 0.369999998875 150.452943521
24914 0.369999998875 263.486062117
66691 0.369999998875 34.1132900165
74540 0.369999998875 234.709048825
90917 0.369999998875 384.41496028
13183 0.369999998875 255.650500538
97112 0.369999998875 146.464125571
24299 0.369999998875 406.342238016
80303 0.369999998875 223.234431665
75033 0.369999998875 148.121612286
94785 0.369999998875 263.32646474
116332 0.369999998875 177.040562291
91861 0.369999998875 311.51893885
49450 0.369999998875 151.689412157
95335 0.369999998875 142.058804508
121844 0.369999998875 346.093427697
52066 0.369999998875 165.542728943
66866 0.369999998875 170.639861235
100932 0.369999998875 49.9346093971
123200 0.369999998875 281.39196983
91703 0.369999998875 141.100370644
110671 0.369999998875 272.036670718
