91537 0.379999999813 319.092745496
113843 0.379999999813 208.443816647
39304 0.379999999813 224.299504729
127707 0.379999999813 140.093180142
110054 0.379999999813 243.002215686
57105 0.379999999813 50.9803633916
57838 0.379999999813 167.366170437
24236 0.379999999813 396.282294529
126813 0.379999999813 198.230743325
110189 0.379999999813 356.595567457
113239 0.379999999813 299.257795851
24997 0.379999999813 126.713422005
24176 0.379999999813 326.693130183
17290 0.379999999813 149.725187259
94917 0.379999999813 336.950358169
116078 0.379999999813 136.340075153
24914 0.379999999813 263.722119852
66691 0.379999999813 33.0182162765
74540 0.379999999813 231.835843427
90917 0.379999999813 376.484672468
13183 0.379999999813 245.943240247
97112 0.379999999813 140.749006313
24299 0.379999999813 398.598885353
80303 0.379999999813 230.029053755
75033 0.379999999813 145.90243604
94785 0.379999999813 260.594144779
116332 0.379999999813 154.885874201
91861 0.379999999813 306.594466767
49450 0.379999999813 131.463540705
95335 0.379999999813 136.954560057
121844 0.379999999813 338.382852718
52066 0.379999999813 140.962825362
66866 0.379999999813 151.641755175
100932 0.379999999813 45.0444363474
123200 0.379999999813 274.325696689
91703 0.379999999813 136.25116311
110671 0.379999999813 245.528153654
