91537 0.389999998103 76.9176926228
113843 0.389999998103 116.510658594
39304 0.389999998103 74.1974049396
127707 0.389999998103 326.636884993
110054 0.389999998103 27.3092485952
57105 0.389999998103 230.654539674
57838 0.389999998103 364.406190755
24236 0.389999998103 146.912050181
126813 0.389999998103 105.697143347
110189 0.389999998103 97.7419409697
113239 0.389999998103 49.3287604819
24997 0.389999998103 143.477591631
24176 0.389999998103 111.074300899
17290 0.389999998103 364.640392921
94917 0.389999998103 83.3955246393
116078 0.389999998103 348.608524629
24914 0.389999998103 79.7467480965
66691 0.389999998103 225.478668864
74540 0.389999998103 25.5542434981
90917 0.389999998103 120.007015659
13183 0.389999998103 2.74017943576
97112 0.389999998103 132.90523561
24299 0.389999998103 148.508055872
80303 0.389999998103 4.41836341268
75033 0.389999998103 108.029630059
94785 0.389999998103 14.5666669006
116332 0.389999998103 296.029459176
91861 0.389999998103 68.4733287115
49450 0.389999998103 341.311543087
95335 0.389999998103 360.325407088
121844 0.389999998103 108.378825246
52066 0.389999998103 347.460833779
66866 0.389999998103 365.918629206
100932 0.389999998103 202.766600344
123200 0.389999998103 30.824032254
91703 0.389999998103 127.883966052
110671 0.389999998103 55.2363896024
