91537 0.399999998296 545.477840738
113843 0.399999998296 433.447435822
39304 0.399999998296 452.278569028
127707 0.399999998296 208.418903849
110054 0.399999998296 507.879112567
57105 0.399999998296 281.892587147
57838 0.399999998296 162.229468205
24236 0.399999998296 636.10372333
126813 0.399999998296 424.323255044
110189 0.399999998296 582.2294522
113239 0.399999998296 537.775472809
24997 0.399999998296 374.740468403
24176 0.399999998296 563.010072203
17290 0.399999998296 235.630468552
94917 0.399999998296 564.765351401
116078 0.399999998296 185.213949445
24914 0.399999998296 508.852820252
66691 0.399999998296 292.520093625
74540 0.399999998296 490.054842126
90917 0.399999998296 611.569538646
13183 0.399999998296 500.98668355
97112 0.399999998296 388.447545273
24299 0.399999998296 638.054819846
80303 0.399999998296 516.838184348
75033 0.399999998296 398.664447014
94785 0.399999998296 489.753853833
116332 0.399999998296 264.638412348
91861 0.399999998296 554.093518948
49450 0.399999998296 255.807298281
95335 0.399999998296 155.332016505
121844 0.399999998296 552.676991608
52066 0.399999998296 240.592440256
66866 0.399999998296 245.202138023
100932 0.399999998296 319.32350707
123200 0.399999998296 531.233382799
91703 0.399999998296 392.056529071
110671 0.399999998296 460.195961791
