91537 0.40999999875 60.7072486868
113843 0.40999999875 87.1008464696
39304 0.40999999875 73.1805657731
127707 0.40999999875 306.113606922
110054 0.40999999875 42.8342522024
57105 0.40999999875 247.701841096
57838 0.40999999875 345.486890884
24236 0.40999999875 124.691044904
126813 0.40999999875 80.8565805391
110189 0.40999999875 71.6048376724
113239 0.40999999875 48.5888966592
24997 0.40999999875 162.33478835
24176 0.40999999875 84.9248927524
17290 0.40999999875 317.928873095
94917 0.40999999875 54.5786469253
116078 0.40999999875 337.523108192
24914 0.40999999875 67.4821276329
66691 0.40999999875 222.206672989
74540 0.40999999875 10.4482945733
90917 0.40999999875 106.380964607
13183 0.40999999875 22.705888836
97112 0.40999999875 148.583136583
24299 0.40999999875 126.365359931
80303 0.40999999875 58.3202161691
75033 0.40999999875 114.91030618
94785 0.40999999875 9.38197803713
116332 0.40999999875 278.556017871
91861 0.40999999875 63.9854790637
49450 0.40999999875 298.51894142
95335 0.40999999875 337.774126553
121844 0.40999999875 72.0044204413
52066 0.40999999875 295.318388176
66866 0.40999999875 318.110873583
100932 0.40999999875 193.436577775
123200 0.40999999875 22.2137076732
91703 0.40999999875 142.688736115
110671 0.40999999875 85.5644240311
