91537 0.419999998087 269.402810072
113843 0.419999998087 152.898195611
39304 0.419999998087 181.837721517
127707 0.419999998087 83.5419386367
110054 0.419999998087 245.943654364
57105 0.419999998087 60.523383869
57838 0.419999998087 119.643100371
24236 0.419999998087 326.101539058
126813 0.419999998087 150.524165672
110189 0.419999998087 277.468509641
113239 0.419999998087 267.616515699
24997 0.419999998087 72.7948229684
24176 0.419999998087 267.110922852
17290 0.419999998087 79.5170628176
94917 0.419999998087 238.173531614
116078 0.419999998087 105.136369338
24914 0.419999998087 232.969973585
66691 0.419999998087 50.067708355
74540 0.419999998087 217.866310306
90917 0.419999998087 314.285491231
13183 0.419999998087 239.216734892
97112 0.419999998087 89.7171091683
24299 0.419999998087 328.371919525
80303 0.419999998087 243.301369309
75033 0.419999998087 105.320007222
94785 0.419999998087 216.154748158
116332 0.419999998087 70.5637763642
91861 0.419999998087 251.160889202
49450 0.419999998087 69.4910971163
95335 0.419999998087 109.122507948
121844 0.419999998087 279.069335344
52066 0.419999998087 64.0279526842
66866 0.419999998087 77.0254304157
100932 0.419999998087 41.2866166565
123200 0.419999998087 216.751596159
91703 0.419999998087 91.9506460705
110671 0.419999998087 145.793208225
