91537 0.429999997177 254.886328343
113843 0.429999997177 140.832971099
39304 0.429999997177 173.629997378
127707 0.429999997177 74.8044611773
110054 0.429999997177 239.431576877
57105 0.429999997177 69.1567386155
57838 0.429999997177 104.231948063
24236 0.429999997177 301.920762913
126813 0.429999997177 141.151110246
110189 0.429999997177 253.748441725
113239 0.429999997177 247.029207069
24997 0.429999997177 59.0830712141
24176 0.429999997177 247.667643473
17290 0.429999997177 65.4173800857
94917 0.429999997177 209.063577134
116078 0.429999997177 99.5303423293
24914 0.429999997177 221.091038692
66691 0.429999997177 46.0306272
74540 0.429999997177 207.435268291
90917 0.429999997177 296.073961109
13183 0.429999997177 209.812599809
97112 0.429999997177 74.3264772042
24299 0.429999997177 304.796594755
80303 0.429999997177 237.641461129
75033 0.429999997177 84.6834134175
94785 0.429999997177 202.728401164
116332 0.429999997177 62.1466054676
91861 0.429999997177 233.084203799
49450 0.429999997177 71.1026955595
95335 0.429999997177 102.825686681
121844 0.429999997177 266.229705763
52066 0.429999997177 60.7584391446
66866 0.429999997177 53.8764725058
100932 0.429999997177 34.2009529336
123200 0.429999997177 205.957815469
91703 0.429999997177 78.2974800187
110671 0.429999997177 128.833022043
