91537 0.439999997066 235.547060312
113843 0.439999997066 124.641512099
39304 0.439999997066 159.439802253
127707 0.439999997066 65.8039087633
110054 0.439999997066 227.161999446
57105 0.439999997066 74.0994354639
57838 0.439999997066 89.6253172784
24236 0.439999997066 273.201514579
126813 0.439999997066 131.302572459
110189 0.439999997066 225.981233472
113239 0.439999997066 222.562197086
24997 0.439999997066 46.6945142171
24176 0.439999997066 226.100146706
17290 0.439999997066 59.4058816576
94917 0.439999997066 172.010246757
116078 0.439999997066 98.6288846684
24914 0.439999997066 200.539673789
66691 0.439999997066 40.2364046663
74540 0.439999997066 181.499351357
90917 0.439999997066 276.027866194
13183 0.439999997066 178.632442499
97112 0.439999997066 55.7236016958
24299 0.439999997066 276.590787341
80303 0.439999997066 228.961861685
75033 0.439999997066 72.5665601991
94785 0.439999997066 186.335318896
116332 0.439999997066 56.5222676281
91861 0.439999997066 215.462842587
49450 0.439999997066 74.4061773725
95335 0.439999997066 99.5386717381
121844 0.439999997066 246.757261167
52066 0.439999997066 62.553898802
66866 0.439999997066 34.3621409732
100932 0.439999997066 32.1780529589
123200 0.439999997066 180.509722054
91703 0.439999997066 63.3336298685
110671 0.439999997066 111.175161605
