91537 0.449999996964 210.240941562
113843 0.449999996964 106.692448756
39304 0.449999996964 141.833026648
127707 0.449999996964 60.7165905982
110054 0.449999996964 206.817305437
57105 0.449999996964 73.8417210914
57838 0.449999996964 72.7372627227
24236 0.449999996964 238.164923625
126813 0.449999996964 115.866451719
110189 0.449999996964 193.06953363
113239 0.449999996964 188.646359717
24997 0.449999996964 44.5850611698
24176 0.449999996964 199.698612694
17290 0.449999996964 56.0020058275
94917 0.449999996964 141.103888491
116078 0.449999996964 85.8654346118
24914 0.449999996964 173.574128725
66691 0.449999996964 35.4400036949
74540 0.449999996964 157.30659531
90917 0.449999996964 250.562159145
13183 0.449999996964 168.081057897
97112 0.449999996964 43.6930530139
24299 0.449999996964 242.376663609
80303 0.449999996964 216.94422537
75033 0.449999996964 56.3536631754
94785 0.449999996964 155.049958168
116332 0.449999996964 51.82140471
91861 0.449999996964 189.930682578
49450 0.449999996964 67.8974206402
95335 0.449999996964 96.6906771441
121844 0.449999996964 223.714120544
52066 0.449999996964 63.1614721786
66866 0.449999996964 27.5348815215
100932 0.449999996964 37.2757174546
123200 0.449999996964 162.766686106
91703 0.449999996964 44.0647578239
110671 0.449999996964 90.4268730001
