91537 0.459999997505 145.892101329
113843 0.459999997505 53.3143877622
39304 0.459999997505 98.9169560859
127707 0.459999997505 82.0818977882
110054 0.459999997505 147.124714526
57105 0.459999997505 75.1894060537
57838 0.459999997505 86.5268280532
24236 0.459999997505 163.157305614
126813 0.459999997505 71.7758445997
110189 0.459999997505 127.987127843
113239 0.459999997505 124.92232729
24997 0.459999997505 54.6839928002
24176 0.459999997505 140.007933844
17290 0.459999997505 70.2659105342
94917 0.459999997505 95.3356064666
116078 0.459999997505 100.756143142
24914 0.459999997505 118.690007701
66691 0.459999997505 64.4468387599
74540 0.459999997505 104.836972398
90917 0.459999997505 188.47572555
13183 0.459999997505 113.601772168
97112 0.459999997505 43.5334261861
24299 0.459999997505 168.991220356
80303 0.459999997505 165.406979034
75033 0.459999997505 26.5979292187
94785 0.459999997505 108.286442851
116332 0.459999997505 77.5361947168
91861 0.459999997505 127.467531244
49450 0.459999997505 72.8381069368
95335 0.459999997505 110.964720617
121844 0.459999997505 162.936915668
52066 0.459999997505 60.1728755085
66866 0.459999997505 42.3252589756
100932 0.459999997505 59.0467778237
123200 0.459999997505 99.686162498
91703 0.459999997505 38.4070419066
110671 0.459999997505 35.9343903212
