91537 0.46999999902 426.281586586
113843 0.46999999902 364.143702316
39304 0.46999999902 359.327572406
127707 0.46999999902 274.521196992
110054 0.46999999902 442.988230632
57105 0.46999999902 314.627033595
57838 0.46999999902 284.172418013
24236 0.46999999902 450.356827673
126813 0.46999999902 356.251870488
110189 0.46999999902 381.618901237
113239 0.46999999902 415.821407671
24997 0.46999999902 328.249903089
24176 0.46999999902 398.147568181
17290 0.46999999902 308.009543243
94917 0.46999999902 393.247719921
116078 0.46999999902 266.78588971
24914 0.46999999902 373.009259153
66691 0.46999999902 284.168032806
74540 0.46999999902 418.273374026
90917 0.46999999902 455.500347553
13183 0.46999999902 406.227811713
97112 0.46999999902 327.416908062
24299 0.46999999902 458.466854059
80303 0.46999999902 479.194164651
75033 0.46999999902 343.222446725
94785 0.46999999902 385.883344552
116332 0.46999999902 267.9030639
91861 0.46999999902 438.912100266
49450 0.46999999902 310.87619267
95335 0.46999999902 284.284223404
121844 0.46999999902 450.292956158
52066 0.46999999902 330.555946156
66866 0.46999999902 319.406657019
100932 0.46999999902 281.20416821
123200 0.46999999902 378.927949732
91703 0.46999999902 327.757061856
110671 0.46999999902 342.225627606
