91537 0.479999999768 381.718920842
113843 0.479999999768 346.842242728
39304 0.479999999768 338.126719918
127707 0.479999999768 291.083738533
110054 0.479999999768 407.400713282
57105 0.479999999768 320.339891258
57838 0.479999999768 306.490021797
24236 0.479999999768 401.25481719
126813 0.479999999768 330.452838163
110189 0.479999999768 342.875337905
113239 0.479999999768 367.193457794
24997 0.479999999768 325.869477908
24176 0.479999999768 361.615107949
17290 0.479999999768 313.214700694
94917 0.479999999768 346.396265699
116078 0.479999999768 287.396607105
24914 0.479999999768 344.645949627
66691 0.479999999768 304.514404611
74540 0.479999999768 390.66833003
90917 0.479999999768 413.217069355
13183 0.479999999768 370.645308078
97112 0.479999999768 322.353404157
24299 0.479999999768 411.675293125
80303 0.479999999768 451.300224326
75033 0.479999999768 327.762688846
94785 0.479999999768 353.703371361
116332 0.479999999768 276.668561178
91861 0.479999999768 411.712674339
49450 0.479999999768 308.820344863
95335 0.479999999768 305.016615927
121844 0.479999999768 413.401126943
52066 0.479999999768 331.889877372
66866 0.479999999768 316.616652467
100932 0.479999999768 279.157017223
123200 0.479999999768 354.772064037
91703 0.479999999768 327.860665743
110671 0.479999999768 324.898883404
