91537 0.489999996747 332.622470123
113843 0.489999996747 321.305877157
39304 0.489999996747 319.394690796
127707 0.489999996747 309.799337091
110054 0.489999996747 362.284987938
57105 0.489999996747 320.87864634
57838 0.489999996747 315.569094716
24236 0.489999996747 345.67423205
126813 0.489999996747 298.369980899
110189 0.489999996747 314.244458408
113239 0.489999996747 315.515485459
24997 0.489999996747 319.504180817
24176 0.489999996747 326.209713616
17290 0.489999996747 308.161402848
94917 0.489999996747 294.153507418
116078 0.489999996747 308.766213884
24914 0.489999996747 318.258884129
66691 0.489999996747 308.376103032
74540 0.489999996747 356.779514855
90917 0.489999996747 364.748886609
13183 0.489999996747 319.461780903
97112 0.489999996747 298.90130665
24299 0.489999996747 357.084092759
80303 0.489999996747 416.532232572
75033 0.489999996747 307.75937558
94785 0.489999996747 294.120258321
116332 0.489999996747 279.175776242
91861 0.489999996747 378.580954094
49450 0.489999996747 310.927832586
95335 0.489999996747 314.599074529
121844 0.489999996747 366.902999042
52066 0.489999996747 327.711058084
66866 0.489999996747 309.051408614
100932 0.489999996747 283.952227139
123200 0.489999996747 293.887557577
91703 0.489999996747 322.067161029
110671 0.489999996747 310.9116697
