91537 0.499999999256 49.3291715482
113843 0.499999999256 43.6022547241
39304 0.499999999256 78.8736489588
127707 0.499999999256 32.9162933547
110054 0.499999999256 70.3664197204
57105 0.499999999256 42.9233754361
57838 0.499999999256 31.4792444539
24236 0.499999999256 40.6250210417
126813 0.499999999256 5.48307368797
110189 0.499999999256 40.2423971213
113239 0.499999999256 44.9986914375
24997 0.499999999256 32.3163944598
24176 0.499999999256 64.108482322
17290 0.499999999256 26.8478822907
94917 0.499999999256 6.280507866
116078 0.499999999256 38.1356639933
24914 0.499999999256 50.7272638022
66691 0.499999999256 18.5215811659
74540 0.499999999256 47.9068752297
90917 0.499999999256 94.4685930186
13183 0.499999999256 20.3236931852
97112 0.499999999256 38.8570644321
24299 0.499999999256 43.9286495245
80303 0.499999999256 98.0793036305
75033 0.499999999256 28.5552447376
94785 0.499999999256 15.8385448399
116332 0.499999999256 29.2977948648
91861 0.499999999256 61.4954549836
49450 0.499999999256 21.1642812208
95335 0.499999999256 66.3336192911
121844 0.499999999256 89.7690470628
52066 0.499999999256 52.9123293447
66866 0.499999999256 41.3417354715
100932 0.499999999256 23.1378860871
123200 0.499999999256 2.70431382902
91703 0.499999999256 28.8686714463
110671 0.499999999256 36.1740444707
