91537 0.509999998803 47.9814543649
113843 0.509999998803 46.803081212
39304 0.509999998803 52.53989598
127707 0.509999998803 25.3944400709
110054 0.509999998803 53.7586409868
57105 0.509999998803 29.6107412933
57838 0.509999998803 33.5284000337
24236 0.509999998803 28.8791053166
126813 0.509999998803 2.48264449691
110189 0.509999998803 44.6068802042
113239 0.509999998803 49.0443772642
24997 0.509999998803 38.5186268687
24176 0.509999998803 42.7513713998
17290 0.509999998803 14.5157838866
94917 0.509999998803 3.15178743156
116078 0.509999998803 22.6694951741
24914 0.509999998803 43.3628433847
66691 0.509999998803 22.020381538
74540 0.509999998803 29.3057683378
90917 0.509999998803 54.6431504365
13183 0.509999998803 9.51287435809
97112 0.509999998803 44.8568464323
24299 0.509999998803 36.2913852421
80303 0.509999998803 59.0214987298
75033 0.509999998803 46.5276889887
94785 0.509999998803 21.6033169953
116332 0.509999998803 23.9912849951
91861 0.509999998803 40.7636289927
49450 0.509999998803 12.3269175638
95335 0.509999998803 47.2811383245
121844 0.509999998803 59.7851458009
52066 0.509999998803 39.8798631711
66866 0.509999998803 34.2846953005
100932 0.509999998803 20.1472401942
123200 0.509999998803 7.11915926767
91703 0.509999998803 31.4296202744
110671 0.509999998803 29.3264252671
