91537 0.519999998504 0.547149038974
576460752303515297 0.519999998504 0.461623075577
113843 0.519999998504 4.84595226389
39304 0.519999998504 16.7207099
127707 0.519999998504 17.7145098632
110054 0.519999998504 4.82022370913
57105 0.519999998504 9.0269093154
57838 0.519999998504 4.49508444845
24236 0.519999998504 0.412510237431
126813 0.519999998504 17.8855809192
110189 0.519999998504 0.704583840688
113239 0.519999998504 1.09095821445
24997 0.519999998504 15.6756837641
24176 0.519999998504 0.449914175008
17290 0.519999998504 29.4435437735
94917 0.519999998504 11.1570410983
116078 0.519999998504 29.2426577482
24914 0.519999998504 0.445299913428
66691 0.519999998504 0.599134000609
576460760893371228 0.519999998504 0.803625547539
576460752303498264 0.519999998504 2.39509588664
74540 0.519999998504 0.5050543572
90917 0.519999998504 4.65285634017
13183 0.519999998504 29.7409879607
97112 0.519999998504 0.860714398121
24299 0.519999998504 4.50873022069
80303 0.519999998504 5.53761092209
75033 0.519999998504 0.769039535261
94785 0.519999998504 36.6778143731
116332 0.519999998504 14.5170346852
91861 0.519999998504 10.089998669
49450 0.519999998504 39.9933715683
95335 0.519999998504 0.477904987012
121844 0.519999998504 14.2332967868
52066 0.519999998504 19.7709818226
66866 0.519999998504 21.34468399
576460752303547181 0.519999998504 1.65235704135
100932 0.519999998504 1.13067411808
123200 0.519999998504 16.8128114482
91703 0.519999998504 18.1609460943
110671 0.519999998504 4.44496401074
