91537 0.529999997857 0.705021004656
576460760893438407 0.529999997857 0.546218947302
576460752303537177 0.529999997857 0.841112372259
576460752303515297 0.529999997857 0.31816128414
113843 0.529999997857 0.460401794596
39304 0.529999997857 7.11020413509
127707 0.529999997857 0.665909793994
110054 0.529999997857 0.741086987402
57105 0.529999997857 0.520469443055
57838 0.529999997857 0.543700397547
576460752303503707 0.529999997857 0.442891518789
24236 0.529999997857 0.209670212937
126813 0.529999997857 1.14668184246
110189 0.529999997857 0.33138675323
113239 0.529999997857 0.416779257513
24997 0.529999997857 5.61215776009
17290 0.529999997857 1.93440642739
94917 0.529999997857 0.673428856564
116078 0.529999997857 4.64640687789
576460760893415121 0.529999997857 0.6460198639
24914 0.529999997857 0.421003212801
66691 0.529999997857 0.395453203875
576460760893371228 0.529999997857 0.221576400367
576460752303498264 0.529999997857 0.298782362389
576460760893404284 0.529999997857 0.474516315037
74540 0.529999997857 0.841859119523
90917 0.529999997857 5.10476684427
13183 0.529999997857 0.263066856407
97112 0.529999997857 1.00716155509
576460760893414780 0.529999997857 14.5238522263
24299 0.529999997857 0.987949082749
80303 0.529999997857 0.436479139295
75033 0.529999997857 0.786981653763
94785 0.529999997857 0.357537991547
576460752303501065 0.529999997857 0.811529805114
116332 0.529999997857 0.868757083005
91861 0.529999997857 0.987388202239
49450 0.529999997857 6.46919935196
1729382291270025121 0.529999997857 0.697196400396
95335 0.529999997857 0.72853534261
121844 0.529999997857 23.6870796783
52066 0.529999997857 0.28646308445
66866 0.529999997857 0.925094648988
576460752303547181 0.529999997857 0.349397772367
100932 0.529999997857 0.806419558178
576460752303547240 0.529999997857 0.562704143789
123200 0.529999997857 0.325851510771
576460752303489012 0.529999997857 0.716554464444
91703 0.529999997857 1.21417222972
110671 0.529999997857 0.366953151017
