91537 0.249999999256 448.982252106
113843 0.249999999256 440.57534196
39304 0.249999999256 340.687463274
127707 0.249999999256 423.6034161
110054 0.249999999256 427.199387548
57105 0.249999999256 258.730762178
57838 0.249999999256 348.198290058
24236 0.249999999256 396.045809661
126813 0.249999999256 433.270328169
110189 0.249999999256 487.356803613
113239 0.249999999256 460.803282925
24997 0.249999999256 259.176784895
24176 0.249999999256 337.949084038
17290 0.249999999256 137.810169334
94917 0.249999999256 446.816145288
116078 0.249999999256 364.420171629
24914 0.249999999256 332.697544708
66691 0.249999999256 75.776182447
74540 0.249999999256 325.952013613
90917 0.249999999256 463.244961603
13183 0.249999999256 193.442381269
97112 0.249999999256 287.585315365
24299 0.249999999256 398.095049531
80303 0.249999999256 264.86081043
75033 0.249999999256 318.944440309
94785 0.249999999256 408.477732014
116332 0.249999999256 406.307432019
91861 0.249999999256 425.203490872
49450 0.249999999256 120.899009811
95335 0.249999999256 308.536091172
121844 0.249999999256 522.787555714
52066 0.249999999256 135.388251294
66866 0.249999999256 127.946390621
100932 0.249999999256 281.879330974
123200 0.249999999256 458.688440497
91703 0.249999999256 327.74233837
110671 0.249999999256 407.82859279
91537 0.259999998865 286.973047574
113843 0.259999998865 301.868179431
39304 0.259999998865 211.743577878
127707 0.259999998865 278.926383273
110054 0.259999998865 250.42798416
57105 0.259999998865 106.092914286
57838 0.259999998865 192.705169581
24236 0.259999998865 377.832963237
126813 0.259999998865 283.320388347
110189 0.259999998865 335.4864775
113239 0.259999998865 313.00970821
24997 0.259999998865 168.660774486
24176 0.259999998865 303.710869149
17290 0.259999998865 300.324672768
94917 0.259999998865 296.079592472
116078 0.259999998865 287.10254594
24914 0.259999998865 262.079853918
66691 0.259999998865 149.066924648
74540 0.259999998865 182.79275735
90917 0.259999998865 332.094440615
13183 0.259999998865 227.327859562
97112 0.259999998865 142.378674629
24299 0.259999998865 380.7971201
80303 0.259999998865 172.820021015
75033 0.259999998865 118.294706436
94785 0.259999998865 242.962455111
116332 0.259999998865 318.24776452
91861 0.259999998865 240.522683852
49450 0.259999998865 302.648011853
95335 0.259999998865 159.928744172
121844 0.259999998865 336.958595963
52066 0.259999998865 337.673621237
66866 0.259999998865 298.761069978
100932 0.259999998865 98.5647789219
123200 0.259999998865 299.181643914
91703 0.259999998865 136.694770223
110671 0.259999998865 243.302152627
91537 0.269999998797 424.551738043
113843 0.269999998797 416.86002926
39304 0.269999998797 320.582053534
127707 0.269999998797 405.843872389
110054 0.269999998797 388.018946667
57105 0.269999998797 229.252413428
57838 0.269999998797 358.950621132
24236 0.269999998797 385.569103837
126813 0.269999998797 410.186334253
110189 0.269999998797 466.728121243
113239 0.269999998797 436.093859731
24997 0.269999998797 236.780244357
24176 0.269999998797 320.008627028
17290 0.269999998797 156.323982963
94917 0.269999998797 439.524631691
116078 0.269999998797 355.242822762
24914 0.269999998797 316.812884578
66691 0.269999998797 93.0605069994
74540 0.269999998797 295.868888829
90917 0.269999998797 443.38057152
13183 0.269999998797 180.150107374
97112 0.269999998797 257.137051105
24299 0.269999998797 386.273471089
80303 0.269999998797 232.471742938
75033 0.269999998797 293.149686141
94785 0.269999998797 384.848551439
116332 0.269999998797 390.623654972
91861 0.269999998797 389.219944418
49450 0.269999998797 153.1892788
95335 0.269999998797 308.421767356
121844 0.269999998797 497.485821557
52066 0.269999998797 159.462325681
66866 0.269999998797 159.336042704
100932 0.269999998797 261.300918937
123200 0.269999998797 433.376447235
91703 0.269999998797 296.539872571
110671 0.269999998797 385.760646482
91537 0.279999998865 409.226525926
113843 0.279999998865 399.093279365
39304 0.279999998865 305.800253351
127707 0.279999998865 388.294587552
110054 0.279999998865 353.752699674
57105 0.279999998865 210.954738527
57838 0.279999998865 351.427863847
24236 0.279999998865 383.339939551
126813 0.279999998865 392.330011694
110189 0.279999998865 452.617337011
113239 0.279999998865 421.029929553
24997 0.279999998865 220.621422541
24176 0.279999998865 311.336128808
17290 0.279999998865 163.03340671
94917 0.279999998865 428.991238451
116078 0.279999998865 343.727643369
24914 0.279999998865 305.936745421
66691 0.279999998865 91.1356074227
74540 0.279999998865 277.65106986
90917 0.279999998865 431.804229413
13183 0.279999998865 179.42790233
97112 0.279999998865 237.65913156
24299 0.279999998865 383.871807227
80303 0.279999998865 214.015359714
75033 0.279999998865 275.420766082
94785 0.279999998865 368.551970805
116332 0.279999998865 378.165815467
91861 0.279999998865 369.749404803
49450 0.279999998865 164.36571867
95335 0.279999998865 298.40593059
121844 0.279999998865 479.25057679
52066 0.279999998865 171.302574458
66866 0.279999998865 170.591989786
100932 0.279999998865 241.17938039
123200 0.279999998865 415.644754793
91703 0.279999998865 274.149072708
110671 0.279999998865 372.309257707
91537 0.289999998474 318.151497951
113843 0.289999998474 299.92070082
39304 0.289999998474 228.628401444
127707 0.289999998474 250.217716996
110054 0.289999998474 255.705827995
57105 0.289999998474 114.953740058
57838 0.289999998474 168.702347252
24236 0.289999998474 417.745175383
126813 0.289999998474 280.994538192
110189 0.289999998474 364.709270887
113239 0.289999998474 335.135546192
24997 0.289999998474 172.409279751
24176 0.289999998474 329.903259527
17290 0.289999998474 281.17240347
94917 0.289999998474 344.067398789
116078 0.289999998474 266.856299161
24914 0.289999998474 277.803454603
66691 0.289999998474 137.694115381
74540 0.289999998474 213.419882485
90917 0.289999998474 376.951617888
13183 0.289999998474 233.225937845
97112 0.289999998474 167.213114322
24299 0.289999998474 419.538111748
80303 0.289999998474 210.214665382
75033 0.289999998474 140.940140871
94785 0.289999998474 273.487643979
116332 0.289999998474 300.086260504
91861 0.289999998474 270.930432701
49450 0.289999998474 290.456759291
95335 0.289999998474 133.661461711
121844 0.289999998474 354.683721216
52066 0.289999998474 320.812602792
66866 0.289999998474 288.076667021
100932 0.289999998474 83.6889410238
123200 0.289999998474 314.511811141
91703 0.289999998474 153.639006083
110671 0.289999998474 274.985334225
91537 0.299999998126 412.769503961
113843 0.299999998126 381.828686594
39304 0.299999998126 300.030725545
127707 0.299999998126 357.056659801
110054 0.299999998126 327.963300576
57105 0.299999998126 200.682430993
57838 0.299999998126 329.916663607
24236 0.299999998126 407.971173831
126813 0.299999998126 374.496503746
110189 0.299999998126 453.61186137
113239 0.299999998126 418.326843695
24997 0.299999998126 216.58638545
24176 0.299999998126 322.794044029
17290 0.299999998126 147.773315482
94917 0.299999998126 432.04482965
116078 0.299999998126 318.717109055
24914 0.299999998126 308.539810956
66691 0.299999998126 87.9053183933
74540 0.299999998126 272.701001435
90917 0.299999998126 440.419821074
13183 0.299999998126 217.452508892
97112 0.299999998126 227.119563264
24299 0.299999998126 408.477207145
80303 0.299999998126 213.141325078
75033 0.299999998126 265.871440118
94785 0.299999998126 376.244090698
116332 0.299999998126 357.57098738
91861 0.299999998126 363.8256722
49450 0.299999998126 152.092126713
95335 0.299999998126 273.952323833
121844 0.299999998126 469.76964769
52066 0.299999998126 159.087638889
66866 0.299999998126 158.928604611
100932 0.299999998126 210.433576478
123200 0.299999998126 405.396506264
91703 0.299999998126 255.067967014
110671 0.299999998126 364.90357762
91537 0.309999998619 411.25216327
113843 0.309999998619 366.729527804
39304 0.309999998619 301.187170516
127707 0.309999998619 340.719780024
110054 0.309999998619 316.007612151
57105 0.309999998619 200.564720326
57838 0.309999998619 331.399394841
24236 0.309999998619 412.695673712
126813 0.309999998619 360.170136554
110189 0.309999998619 449.679405681
113239 0.309999998619 410.3986577
24997 0.309999998619 221.003705721
24176 0.309999998619 328.31282043
17290 0.309999998619 150.13183952
94917 0.309999998619 426.677787115
116078 0.309999998619 301.063511433
24914 0.309999998619 313.275769913
66691 0.309999998619 89.2876254516
74540 0.309999998619 269.546530805
90917 0.309999998619 439.463452206
13183 0.309999998619 233.397647699
97112 0.309999998619 221.760133088
24299 0.309999998619 413.059734075
80303 0.309999998619 215.332744773
75033 0.309999998619 264.409043511
94785 0.309999998619 372.621083953
116332 0.309999998619 339.407599415
91861 0.309999998619 359.442426688
49450 0.309999998619 148.413436129
95335 0.309999998619 272.8328443
121844 0.309999998619 462.420922367
52066 0.309999998619 152.887678715
66866 0.309999998619 157.401602988
100932 0.309999998619 197.655543392
123200 0.309999998619 394.710950158
91703 0.309999998619 248.25312139
110671 0.309999998619 368.67581937
91537 0.319999997749 396.079002262
113843 0.319999997749 345.036709063
39304 0.319999997749 285.096169537
127707 0.319999997749 315.116997704
110054 0.319999997749 295.845101088
57105 0.319999997749 180.390550355
57838 0.319999997749 311.239311064
24236 0.319999997749 412.025702178
126813 0.319999997749 337.507357335
110189 0.319999997749 436.02905808
113239 0.319999997749 393.816375411
24997 0.319999997749 205.786960972
24176 0.319999997749 323.689102522
17290 0.319999997749 155.463591844
94917 0.319999997749 410.975985752
116078 0.319999997749 279.314920427
24914 0.319999997749 302.573235045
66691 0.319999997749 82.3335225497
74540 0.319999997749 257.172757355
90917 0.319999997749 429.141227806
13183 0.319999997749 242.149397256
97112 0.319999997749 202.355454342
24299 0.319999997749 412.190792456
80303 0.319999997749 208.814162074
75033 0.319999997749 245.537920455
94785 0.319999997749 354.912333768
116332 0.319999997749 317.487906873
91861 0.319999997749 341.991116695
49450 0.319999997749 151.442638207
95335 0.319999997749 255.312619553
121844 0.319999997749 443.017260674
52066 0.319999997749 157.333494968
66866 0.319999997749 162.002743782
100932 0.319999997749 171.407875637
123200 0.319999997749 373.967647467
91703 0.319999997749 225.973772017
110671 0.319999997749 351.292945848
91537 0.32999999947 171.580052987
113843 0.32999999947 276.804580085
39304 0.32999999947 127.87944145
127707 0.32999999947 400.242094801
110054 0.32999999947 114.864026174
57105 0.32999999947 180.537492763
57838 0.32999999947 424.986688485
24236 0.32999999947 148.828081577
126813 0.32999999947 266.40371445
110189 0.32999999947 212.153221841
113239 0.32999999947 208.27364576
24997 0.32999999947 135.060546393
24176 0.32999999947 101.350617378
17290 0.32999999947 423.873640319
94917 0.32999999947 186.215938829
116078 0.32999999947 411.855494749
24914 0.32999999947 119.657745927
66691 0.32999999947 250.3824343
74540 0.32999999947 85.2627743168
90917 0.32999999947 164.609331734
13183 0.32999999947 50.1371882385
97112 0.32999999947 119.144858775
24299 0.32999999947 149.551103107
80303 0.32999999947 75.7662050641
75033 0.32999999947 177.691697628
94785 0.32999999947 176.888964882
116332 0.32999999947 396.961485657
91861 0.32999999947 131.455551672
49450 0.32999999947 419.137404413
95335 0.32999999947 409.13281428
121844 0.32999999947 249.785094686
52066 0.32999999947 419.635249379
66866 0.32999999947 432.643439345
100932 0.32999999947 233.322238731
123200 0.32999999947 178.579783042
91703 0.32999999947 142.11761312
110671 0.32999999947 163.009194039
91537 0.339999999372 377.132254544
113843 0.339999999372 310.532743527
39304 0.339999999372 268.245542176
127707 0.339999999372 271.975707389
110054 0.339999999372 273.596937673
57105 0.339999999372 153.009589478
57838 0.339999999372 278.660581305
24236 0.339999999372 414.644997781
126813 0.339999999372 302.139730788
110189 0.339999999372 419.310381339
113239 0.339999999372 370.377911764
24997 0.339999999372 182.349838974
24176 0.339999999372 325.073564494
17290 0.339999999372 152.572805637
94917 0.339999999372 390.971661293
116078 0.339999999372 239.536977689
24914 0.339999999372 292.239924654
66691 0.339999999372 75.0747569575
74540 0.339999999372 256.730568402
90917 0.339999999372 419.261583613
13183 0.339999999372 266.390175625
97112 0.339999999372 180.411199279
24299 0.339999999372 414.925531399
80303 0.339999999372 211.896564589
75033 0.339999999372 219.49570584
94785 0.339999999372 328.2579688
116332 0.339999999372 277.25601262
91861 0.339999999372 336.01930354
49450 0.339999999372 140.937681402
95335 0.339999999372 228.787747483
121844 0.339999999372 418.299565491
52066 0.339999999372 148.673831834
66866 0.339999999372 156.357596545
100932 0.339999999372 140.20646733
123200 0.339999999372 346.537589057
91703 0.339999999372 195.816440948
110671 0.339999999372 324.350758035
91537 0.349999999551 320.646862831
113843 0.349999999551 242.695998814
39304 0.349999999551 225.923927955
127707 0.349999999551 172.656545489
110054 0.349999999551 243.2875488
57105 0.349999999551 85.4213671505
57838 0.349999999551 167.757529529
24236 0.349999999551 417.599429401
126813 0.349999999551 225.659360841
110189 0.349999999551 369.706891436
113239 0.349999999551 317.414961245
24997 0.349999999551 146.973279376
24176 0.349999999551 335.212977669
17290 0.349999999551 221.467808502
94917 0.349999999551 348.915981154
116078 0.349999999551 178.382790045
24914 0.349999999551 266.359676914
66691 0.349999999551 65.0634835585
74540 0.349999999551 229.536139993
90917 0.349999999551 390.274095871
13183 0.349999999551 261.282242703
97112 0.349999999551 154.454529836
24299 0.349999999551 418.947368702
80303 0.349999999551 224.654498097
75033 0.349999999551 145.937210967
94785 0.349999999551 268.640765677
116332 0.349999999551 211.066765617
91861 0.349999999551 303.813023457
49450 0.349999999551 206.781657245
95335 0.349999999551 137.784897777
121844 0.349999999551 347.006023453
52066 0.349999999551 225.583270663
66866 0.349999999551 221.33295017
100932 0.349999999551 50.8883268955
123200 0.349999999551 291.122757708
91703 0.349999999551 145.323145698
110671 0.349999999551 271.091838683
91537 0.359999999111 346.993596681
113843 0.359999999111 257.861261464
39304 0.359999999111 245.695964494
127707 0.359999999111 211.606276989
110054 0.359999999111 250.843565195
57105 0.359999999111 100.898078931
57838 0.359999999111 230.274791566
24236 0.359999999111 405.298560278
126813 0.359999999111 248.862223213
110189 0.359999999111 387.04680218
113239 0.359999999111 332.103827426
24997 0.359999999111 148.278557155
24176 0.359999999111 325.722433846
17290 0.359999999111 154.372665118
94917 0.359999999111 359.645742416
116078 0.359999999111 189.109203354
24914 0.359999999111 273.583092134
66691 0.359999999111 46.2927193648
74540 0.359999999111 247.88627433
90917 0.359999999111 397.195843945
13183 0.359999999111 271.58630277
97112 0.359999999111 153.46248262
24299 0.359999999111 406.640150259
80303 0.359999999111 213.890022323
75033 0.359999999111 176.70171675
94785 0.359999999111 287.68386371
116332 0.359999999111 219.735111426
91861 0.359999999111 322.956987658
49450 0.359999999111 135.572748625
95335 0.359999999111 188.82506065
121844 0.359999999111 378.474064378
52066 0.359999999111 147.279377646
66866 0.359999999111 154.327208044
100932 0.359999999111 87.1148265919
123200 0.359999999111 305.490339087
91703 0.359999999111 157.964231772
110671 0.359999999111 286.867835111
91537 0.369999998875 323.561380773
113843 0.369999998875 222.403498422
39304 0.369999998875 228.515442735
127707 0.369999998875 154.134905912
110054 0.369999998875 244.831326472
57105 0.369999998875 64.054904872
57838 0.369999998875 173.582624506
24236 0.369999998875 404.473667717
126813 0.369999998875 209.932190767
110189 0.369999998875 365.349120286
113239 0.369999998875 308.951458422
24997 0.369999998875 133.601623364
24176 0.369999998875 331.304346761
17290 0.369999998875 170.196456197
94917 0.369999998875 345.952090761
116078 0.369999998875 150.452943521
24914 0.369999998875 263.486062117
66691 0.369999998875 34.1132900165
74540 0.369999998875 234.709048825
90917 0.369999998875 384.41496028
13183 0.369999998875 255.650500538
97112 0.369999998875 146.464125571
24299 0.369999998875 406.342238016
80303 0.369999998875 223.234431665
75033 0.369999998875 148.121612286
94785 0.369999998875 263.32646474
116332 0.369999998875 177.040562291
91861 0.369999998875 311.51893885
49450 0.369999998875 151.689412157
95335 0.369999998875 142.058804508
121844 0.369999998875 346.093427697
52066 0.369999998875 165.542728943
66866 0.369999998875 170.639861235
100932 0.369999998875 49.9346093971
123200 0.369999998875 281.39196983
91703 0.369999998875 141.100370644
110671 0.369999998875 272.036670718
91537 0.379999999813 319.092745496
113843 0.379999999813 208.443816647
39304 0.379999999813 224.299504729
127707 0.379999999813 140.093180142
110054 0.379999999813 243.002215686
57105 0.379999999813 50.9803633916
57838 0.379999999813 167.366170437
24236 0.379999999813 396.282294529
126813 0.379999999813 198.230743325
110189 0.379999999813 356.595567457
113239 0.379999999813 299.257795851
24997 0.379999999813 126.713422005
24176 0.379999999813 326.693130183
17290 0.379999999813 149.725187259
94917 0.379999999813 336.950358169
116078 0.379999999813 136.340075153
24914 0.379999999813 263.722119852
66691 0.379999999813 33.0182162765
74540 0.379999999813 231.835843427
90917 0.379999999813 376.484672468
13183 0.379999999813 245.943240247
97112 0.379999999813 140.749006313
24299 0.379999999813 398.598885353
80303 0.379999999813 230.029053755
75033 0.379999999813 145.90243604
94785 0.379999999813 260.594144779
116332 0.379999999813 154.885874201
91861 0.379999999813 306.594466767
49450 0.379999999813 131.463540705
95335 0.379999999813 136.954560057
121844 0.379999999813 338.382852718
52066 0.379999999813 140.962825362
66866 0.379999999813 151.641755175
100932 0.379999999813 45.0444363474
123200 0.379999999813 274.325696689
91703 0.379999999813 136.25116311
110671 0.379999999813 245.528153654
91537 0.389999998103 76.9176926228
113843 0.389999998103 116.510658594
39304 0.389999998103 74.1974049396
127707 0.389999998103 326.636884993
110054 0.389999998103 27.3092485952
57105 0.389999998103 230.654539674
57838 0.389999998103 364.406190755
24236 0.389999998103 146.912050181
126813 0.389999998103 105.697143347
110189 0.389999998103 97.7419409697
113239 0.389999998103 49.3287604819
24997 0.389999998103 143.477591631
24176 0.389999998103 111.074300899
17290 0.389999998103 364.640392921
94917 0.389999998103 83.3955246393
116078 0.389999998103 348.608524629
24914 0.389999998103 79.7467480965
66691 0.389999998103 225.478668864
74540 0.389999998103 25.5542434981
90917 0.389999998103 120.007015659
13183 0.389999998103 2.74017943576
97112 0.389999998103 132.90523561
24299 0.389999998103 148.508055872
80303 0.389999998103 4.41836341268
75033 0.389999998103 108.029630059
94785 0.389999998103 14.5666669006
116332 0.389999998103 296.029459176
91861 0.389999998103 68.4733287115
49450 0.389999998103 341.311543087
95335 0.389999998103 360.325407088
121844 0.389999998103 108.378825246
52066 0.389999998103 347.460833779
66866 0.389999998103 365.918629206
100932 0.389999998103 202.766600344
123200 0.389999998103 30.824032254
91703 0.389999998103 127.883966052
110671 0.389999998103 55.2363896024
91537 0.399999998296 545.477840738
113843 0.399999998296 433.447435822
39304 0.399999998296 452.278569028
127707 0.399999998296 208.418903849
110054 0.399999998296 507.879112567
57105 0.399999998296 281.892587147
57838 0.399999998296 162.229468205
24236 0.399999998296 636.10372333
126813 0.399999998296 424.323255044
110189 0.399999998296 582.2294522
113239 0.399999998296 537.775472809
24997 0.399999998296 374.740468403
24176 0.399999998296 563.010072203
17290 0.399999998296 235.630468552
94917 0.399999998296 564.765351401
116078 0.399999998296 185.213949445
24914 0.399999998296 508.852820252
66691 0.399999998296 292.520093625
74540 0.399999998296 490.054842126
90917 0.399999998296 611.569538646
13183 0.399999998296 500.98668355
97112 0.399999998296 388.447545273
24299 0.399999998296 638.054819846
80303 0.399999998296 516.838184348
75033 0.399999998296 398.664447014
94785 0.399999998296 489.753853833
116332 0.399999998296 264.638412348
91861 0.399999998296 554.093518948
49450 0.399999998296 255.807298281
95335 0.399999998296 155.332016505
121844 0.399999998296 552.676991608
52066 0.399999998296 240.592440256
66866 0.399999998296 245.202138023
100932 0.399999998296 319.32350707
123200 0.399999998296 531.233382799
91703 0.399999998296 392.056529071
110671 0.399999998296 460.195961791
91537 0.40999999875 60.7072486868
113843 0.40999999875 87.1008464696
39304 0.40999999875 73.1805657731
127707 0.40999999875 306.113606922
110054 0.40999999875 42.8342522024
57105 0.40999999875 247.701841096
57838 0.40999999875 345.486890884
24236 0.40999999875 124.691044904
126813 0.40999999875 80.8565805391
110189 0.40999999875 71.6048376724
113239 0.40999999875 48.5888966592
24997 0.40999999875 162.33478835
24176 0.40999999875 84.9248927524
17290 0.40999999875 317.928873095
94917 0.40999999875 54.5786469253
116078 0.40999999875 337.523108192
24914 0.40999999875 67.4821276329
66691 0.40999999875 222.206672989
74540 0.40999999875 10.4482945733
90917 0.40999999875 106.380964607
13183 0.40999999875 22.705888836
97112 0.40999999875 148.583136583
24299 0.40999999875 126.365359931
80303 0.40999999875 58.3202161691
75033 0.40999999875 114.91030618
94785 0.40999999875 9.38197803713
116332 0.40999999875 278.556017871
91861 0.40999999875 63.9854790637
49450 0.40999999875 298.51894142
95335 0.40999999875 337.774126553
121844 0.40999999875 72.0044204413
52066 0.40999999875 295.318388176
66866 0.40999999875 318.110873583
100932 0.40999999875 193.436577775
123200 0.40999999875 22.2137076732
91703 0.40999999875 142.688736115
110671 0.40999999875 85.5644240311
91537 0.419999998087 269.402810072
113843 0.419999998087 152.898195611
39304 0.419999998087 181.837721517
127707 0.419999998087 83.5419386367
110054 0.419999998087 245.943654364
57105 0.419999998087 60.523383869
57838 0.419999998087 119.643100371
24236 0.419999998087 326.101539058
126813 0.419999998087 150.524165672
110189 0.419999998087 277.468509641
113239 0.419999998087 267.616515699
24997 0.419999998087 72.7948229684
24176 0.419999998087 267.110922852
17290 0.419999998087 79.5170628176
94917 0.419999998087 238.173531614
116078 0.419999998087 105.136369338
24914 0.419999998087 232.969973585
66691 0.419999998087 50.067708355
74540 0.419999998087 217.866310306
90917 0.419999998087 314.285491231
13183 0.419999998087 239.216734892
97112 0.419999998087 89.7171091683
24299 0.419999998087 328.371919525
80303 0.419999998087 243.301369309
75033 0.419999998087 105.320007222
94785 0.419999998087 216.154748158
116332 0.419999998087 70.5637763642
91861 0.419999998087 251.160889202
49450 0.419999998087 69.4910971163
95335 0.419999998087 109.122507948
121844 0.419999998087 279.069335344
52066 0.419999998087 64.0279526842
66866 0.419999998087 77.0254304157
100932 0.419999998087 41.2866166565
123200 0.419999998087 216.751596159
91703 0.419999998087 91.9506460705
110671 0.419999998087 145.793208225
91537 0.429999997177 254.886328343
113843 0.429999997177 140.832971099
39304 0.429999997177 173.629997378
127707 0.429999997177 74.8044611773
110054 0.429999997177 239.431576877
57105 0.429999997177 69.1567386155
57838 0.429999997177 104.231948063
24236 0.429999997177 301.920762913
126813 0.429999997177 141.151110246
110189 0.429999997177 253.748441725
113239 0.429999997177 247.029207069
24997 0.429999997177 59.0830712141
24176 0.429999997177 247.667643473
17290 0.429999997177 65.4173800857
94917 0.429999997177 209.063577134
116078 0.429999997177 99.5303423293
24914 0.429999997177 221.091038692
66691 0.429999997177 46.0306272
74540 0.429999997177 207.435268291
90917 0.429999997177 296.073961109
13183 0.429999997177 209.812599809
97112 0.429999997177 74.3264772042
24299 0.429999997177 304.796594755
80303 0.429999997177 237.641461129
75033 0.429999997177 84.6834134175
94785 0.429999997177 202.728401164
116332 0.429999997177 62.1466054676
91861 0.429999997177 233.084203799
49450 0.429999997177 71.1026955595
95335 0.429999997177 102.825686681
121844 0.429999997177 266.229705763
52066 0.429999997177 60.7584391446
66866 0.429999997177 53.8764725058
100932 0.429999997177 34.2009529336
123200 0.429999997177 205.957815469
91703 0.429999997177 78.2974800187
110671 0.429999997177 128.833022043
91537 0.439999997066 235.547060312
113843 0.439999997066 124.641512099
39304 0.439999997066 159.439802253
127707 0.439999997066 65.8039087633
110054 0.439999997066 227.161999446
57105 0.439999997066 74.0994354639
57838 0.439999997066 89.6253172784
24236 0.439999997066 273.201514579
126813 0.439999997066 131.302572459
110189 0.439999997066 225.981233472
113239 0.439999997066 222.562197086
24997 0.439999997066 46.6945142171
24176 0.439999997066 226.100146706
17290 0.439999997066 59.4058816576
94917 0.439999997066 172.010246757
116078 0.439999997066 98.6288846684
24914 0.439999997066 200.539673789
66691 0.439999997066 40.2364046663
74540 0.439999997066 181.499351357
90917 0.439999997066 276.027866194
13183 0.439999997066 178.632442499
97112 0.439999997066 55.7236016958
24299 0.439999997066 276.590787341
80303 0.439999997066 228.961861685
75033 0.439999997066 72.5665601991
94785 0.439999997066 186.335318896
116332 0.439999997066 56.5222676281
91861 0.439999997066 215.462842587
49450 0.439999997066 74.4061773725
95335 0.439999997066 99.5386717381
121844 0.439999997066 246.757261167
52066 0.439999997066 62.553898802
66866 0.439999997066 34.3621409732
100932 0.439999997066 32.1780529589
123200 0.439999997066 180.509722054
91703 0.439999997066 63.3336298685
110671 0.439999997066 111.175161605
91537 0.449999996964 210.240941562
113843 0.449999996964 106.692448756
39304 0.449999996964 141.833026648
127707 0.449999996964 60.7165905982
110054 0.449999996964 206.817305437
57105 0.449999996964 73.8417210914
57838 0.449999996964 72.7372627227
24236 0.449999996964 238.164923625
126813 0.449999996964 115.866451719
110189 0.449999996964 193.06953363
113239 0.449999996964 188.646359717
24997 0.449999996964 44.5850611698
24176 0.449999996964 199.698612694
17290 0.449999996964 56.0020058275
94917 0.449999996964 141.103888491
116078 0.449999996964 85.8654346118
24914 0.449999996964 173.574128725
66691 0.449999996964 35.4400036949
74540 0.449999996964 157.30659531
90917 0.449999996964 250.562159145
13183 0.449999996964 168.081057897
97112 0.449999996964 43.6930530139
24299 0.449999996964 242.376663609
80303 0.449999996964 216.94422537
75033 0.449999996964 56.3536631754
94785 0.449999996964 155.049958168
116332 0.449999996964 51.82140471
91861 0.449999996964 189.930682578
49450 0.449999996964 67.8974206402
95335 0.449999996964 96.6906771441
121844 0.449999996964 223.714120544
52066 0.449999996964 63.1614721786
66866 0.449999996964 27.5348815215
100932 0.449999996964 37.2757174546
123200 0.449999996964 162.766686106
91703 0.449999996964 44.0647578239
110671 0.449999996964 90.4268730001
91537 0.459999997505 145.892101329
113843 0.459999997505 53.3143877622
39304 0.459999997505 98.9169560859
127707 0.459999997505 82.0818977882
110054 0.459999997505 147.124714526
57105 0.459999997505 75.1894060537
57838 0.459999997505 86.5268280532
24236 0.459999997505 163.157305614
126813 0.459999997505 71.7758445997
110189 0.459999997505 127.987127843
113239 0.459999997505 124.92232729
24997 0.459999997505 54.6839928002
24176 0.459999997505 140.007933844
17290 0.459999997505 70.2659105342
94917 0.459999997505 95.3356064666
116078 0.459999997505 100.756143142
24914 0.459999997505 118.690007701
66691 0.459999997505 64.4468387599
74540 0.459999997505 104.836972398
90917 0.459999997505 188.47572555
13183 0.459999997505 113.601772168
97112 0.459999997505 43.5334261861
24299 0.459999997505 168.991220356
80303 0.459999997505 165.406979034
75033 0.459999997505 26.5979292187
94785 0.459999997505 108.286442851
116332 0.459999997505 77.5361947168
91861 0.459999997505 127.467531244
49450 0.459999997505 72.8381069368
95335 0.459999997505 110.964720617
121844 0.459999997505 162.936915668
52066 0.459999997505 60.1728755085
66866 0.459999997505 42.3252589756
100932 0.459999997505 59.0467778237
123200 0.459999997505 99.686162498
91703 0.459999997505 38.4070419066
110671 0.459999997505 35.9343903212
91537 0.46999999902 426.281586586
113843 0.46999999902 364.143702316
39304 0.46999999902 359.327572406
127707 0.46999999902 274.521196992
110054 0.46999999902 442.988230632
57105 0.46999999902 314.627033595
57838 0.46999999902 284.172418013
24236 0.46999999902 450.356827673
126813 0.46999999902 356.251870488
110189 0.46999999902 381.618901237
113239 0.46999999902 415.821407671
24997 0.46999999902 328.249903089
24176 0.46999999902 398.147568181
17290 0.46999999902 308.009543243
94917 0.46999999902 393.247719921
116078 0.46999999902 266.78588971
24914 0.46999999902 373.009259153
66691 0.46999999902 284.168032806
74540 0.46999999902 418.273374026
90917 0.46999999902 455.500347553
13183 0.46999999902 406.227811713
97112 0.46999999902 327.416908062
24299 0.46999999902 458.466854059
80303 0.46999999902 479.194164651
75033 0.46999999902 343.222446725
94785 0.46999999902 385.883344552
116332 0.46999999902 267.9030639
91861 0.46999999902 438.912100266
49450 0.46999999902 310.87619267
95335 0.46999999902 284.284223404
121844 0.46999999902 450.292956158
52066 0.46999999902 330.555946156
66866 0.46999999902 319.406657019
100932 0.46999999902 281.20416821
123200 0.46999999902 378.927949732
91703 0.46999999902 327.757061856
110671 0.46999999902 342.225627606
91537 0.479999999768 381.718920842
113843 0.479999999768 346.842242728
39304 0.479999999768 338.126719918
127707 0.479999999768 291.083738533
110054 0.479999999768 407.400713282
57105 0.479999999768 320.339891258
57838 0.479999999768 306.490021797
24236 0.479999999768 401.25481719
126813 0.479999999768 330.452838163
110189 0.479999999768 342.875337905
113239 0.479999999768 367.193457794
24997 0.479999999768 325.869477908
24176 0.479999999768 361.615107949
17290 0.479999999768 313.214700694
94917 0.479999999768 346.396265699
116078 0.479999999768 287.396607105
24914 0.479999999768 344.645949627
66691 0.479999999768 304.514404611
74540 0.479999999768 390.66833003
90917 0.479999999768 413.217069355
13183 0.479999999768 370.645308078
97112 0.479999999768 322.353404157
24299 0.479999999768 411.675293125
80303 0.479999999768 451.300224326
75033 0.479999999768 327.762688846
94785 0.479999999768 353.703371361
116332 0.479999999768 276.668561178
91861 0.479999999768 411.712674339
49450 0.479999999768 308.820344863
95335 0.479999999768 305.016615927
121844 0.479999999768 413.401126943
52066 0.479999999768 331.889877372
66866 0.479999999768 316.616652467
100932 0.479999999768 279.157017223
123200 0.479999999768 354.772064037
91703 0.479999999768 327.860665743
110671 0.479999999768 324.898883404
91537 0.489999996747 332.622470123
113843 0.489999996747 321.305877157
39304 0.489999996747 319.394690796
127707 0.489999996747 309.799337091
110054 0.489999996747 362.284987938
57105 0.489999996747 320.87864634
57838 0.489999996747 315.569094716
24236 0.489999996747 345.67423205
126813 0.489999996747 298.369980899
110189 0.489999996747 314.244458408
113239 0.489999996747 315.515485459
24997 0.489999996747 319.504180817
24176 0.489999996747 326.209713616
17290 0.489999996747 308.161402848
94917 0.489999996747 294.153507418
116078 0.489999996747 308.766213884
24914 0.489999996747 318.258884129
66691 0.489999996747 308.376103032
74540 0.489999996747 356.779514855
90917 0.489999996747 364.748886609
13183 0.489999996747 319.461780903
97112 0.489999996747 298.90130665
24299 0.489999996747 357.084092759
80303 0.489999996747 416.532232572
75033 0.489999996747 307.75937558
94785 0.489999996747 294.120258321
116332 0.489999996747 279.175776242
91861 0.489999996747 378.580954094
49450 0.489999996747 310.927832586
95335 0.489999996747 314.599074529
121844 0.489999996747 366.902999042
52066 0.489999996747 327.711058084
66866 0.489999996747 309.051408614
100932 0.489999996747 283.952227139
123200 0.489999996747 293.887557577
91703 0.489999996747 322.067161029
110671 0.489999996747 310.9116697
91537 0.499999999256 49.3291715482
113843 0.499999999256 43.6022547241
39304 0.499999999256 78.8736489588
127707 0.499999999256 32.9162933547
110054 0.499999999256 70.3664197204
57105 0.499999999256 42.9233754361
57838 0.499999999256 31.4792444539
24236 0.499999999256 40.6250210417
126813 0.499999999256 5.48307368797
110189 0.499999999256 40.2423971213
113239 0.499999999256 44.9986914375
24997 0.499999999256 32.3163944598
24176 0.499999999256 64.108482322
17290 0.499999999256 26.8478822907
94917 0.499999999256 6.280507866
116078 0.499999999256 38.1356639933
24914 0.499999999256 50.7272638022
66691 0.499999999256 18.5215811659
74540 0.499999999256 47.9068752297
90917 0.499999999256 94.4685930186
13183 0.499999999256 20.3236931852
97112 0.499999999256 38.8570644321
24299 0.499999999256 43.9286495245
80303 0.499999999256 98.0793036305
75033 0.499999999256 28.5552447376
94785 0.499999999256 15.8385448399
116332 0.499999999256 29.2977948648
91861 0.499999999256 61.4954549836
49450 0.499999999256 21.1642812208
95335 0.499999999256 66.3336192911
121844 0.499999999256 89.7690470628
52066 0.499999999256 52.9123293447
66866 0.499999999256 41.3417354715
100932 0.499999999256 23.1378860871
123200 0.499999999256 2.70431382902
91703 0.499999999256 28.8686714463
110671 0.499999999256 36.1740444707
91537 0.509999998803 47.9814543649
113843 0.509999998803 46.803081212
39304 0.509999998803 52.53989598
127707 0.509999998803 25.3944400709
110054 0.509999998803 53.7586409868
57105 0.509999998803 29.6107412933
57838 0.509999998803 33.5284000337
24236 0.509999998803 28.8791053166
126813 0.509999998803 2.48264449691
110189 0.509999998803 44.6068802042
113239 0.509999998803 49.0443772642
24997 0.509999998803 38.5186268687
24176 0.509999998803 42.7513713998
17290 0.509999998803 14.5157838866
94917 0.509999998803 3.15178743156
116078 0.509999998803 22.6694951741
24914 0.509999998803 43.3628433847
66691 0.509999998803 22.020381538
74540 0.509999998803 29.3057683378
90917 0.509999998803 54.6431504365
13183 0.509999998803 9.51287435809
97112 0.509999998803 44.8568464323
24299 0.509999998803 36.2913852421
80303 0.509999998803 59.0214987298
75033 0.509999998803 46.5276889887
94785 0.509999998803 21.6033169953
116332 0.509999998803 23.9912849951
91861 0.509999998803 40.7636289927
49450 0.509999998803 12.3269175638
95335 0.509999998803 47.2811383245
121844 0.509999998803 59.7851458009
52066 0.509999998803 39.8798631711
66866 0.509999998803 34.2846953005
100932 0.509999998803 20.1472401942
123200 0.509999998803 7.11915926767
91703 0.509999998803 31.4296202744
110671 0.509999998803 29.3264252671
91537 0.519999998504 0.547149038974
576460752303515297 0.519999998504 0.461623075577
113843 0.519999998504 4.84595226389
39304 0.519999998504 16.7207099
127707 0.519999998504 17.7145098632
110054 0.519999998504 4.82022370913
57105 0.519999998504 9.0269093154
57838 0.519999998504 4.49508444845
24236 0.519999998504 0.412510237431
126813 0.519999998504 17.8855809192
110189 0.519999998504 0.704583840688
113239 0.519999998504 1.09095821445
24997 0.519999998504 15.6756837641
24176 0.519999998504 0.449914175008
17290 0.519999998504 29.4435437735
94917 0.519999998504 11.1570410983
116078 0.519999998504 29.2426577482
24914 0.519999998504 0.445299913428
66691 0.519999998504 0.599134000609
576460760893371228 0.519999998504 0.803625547539
576460752303498264 0.519999998504 2.39509588664
74540 0.519999998504 0.5050543572
90917 0.519999998504 4.65285634017
13183 0.519999998504 29.7409879607
97112 0.519999998504 0.860714398121
24299 0.519999998504 4.50873022069
80303 0.519999998504 5.53761092209
75033 0.519999998504 0.769039535261
94785 0.519999998504 36.6778143731
116332 0.519999998504 14.5170346852
91861 0.519999998504 10.089998669
49450 0.519999998504 39.9933715683
95335 0.519999998504 0.477904987012
121844 0.519999998504 14.2332967868
52066 0.519999998504 19.7709818226
66866 0.519999998504 21.34468399
576460752303547181 0.519999998504 1.65235704135
100932 0.519999998504 1.13067411808
123200 0.519999998504 16.8128114482
91703 0.519999998504 18.1609460943
110671 0.519999998504 4.44496401074
91537 0.529999997857 0.705021004656
576460760893438407 0.529999997857 0.546218947302
576460752303537177 0.529999997857 0.841112372259
576460752303515297 0.529999997857 0.31816128414
113843 0.529999997857 0.460401794596
39304 0.529999997857 7.11020413509
127707 0.529999997857 0.665909793994
110054 0.529999997857 0.741086987402
57105 0.529999997857 0.520469443055
57838 0.529999997857 0.543700397547
576460752303503707 0.529999997857 0.442891518789
24236 0.529999997857 0.209670212937
126813 0.529999997857 1.14668184246
110189 0.529999997857 0.33138675323
113239 0.529999997857 0.416779257513
24997 0.529999997857 5.61215776009
17290 0.529999997857 1.93440642739
94917 0.529999997857 0.673428856564
116078 0.529999997857 4.64640687789
576460760893415121 0.529999997857 0.6460198639
24914 0.529999997857 0.421003212801
66691 0.529999997857 0.395453203875
576460760893371228 0.529999997857 0.221576400367
576460752303498264 0.529999997857 0.298782362389
576460760893404284 0.529999997857 0.474516315037
74540 0.529999997857 0.841859119523
90917 0.529999997857 5.10476684427
13183 0.529999997857 0.263066856407
97112 0.529999997857 1.00716155509
576460760893414780 0.529999997857 14.5238522263
24299 0.529999997857 0.987949082749
80303 0.529999997857 0.436479139295
75033 0.529999997857 0.786981653763
94785 0.529999997857 0.357537991547
576460752303501065 0.529999997857 0.811529805114
116332 0.529999997857 0.868757083005
91861 0.529999997857 0.987388202239
49450 0.529999997857 6.46919935196
1729382291270025121 0.529999997857 0.697196400396
95335 0.529999997857 0.72853534261
121844 0.529999997857 23.6870796783
52066 0.529999997857 0.28646308445
66866 0.529999997857 0.925094648988
576460752303547181 0.529999997857 0.349397772367
100932 0.529999997857 0.806419558178
576460752303547240 0.529999997857 0.562704143789
123200 0.529999997857 0.325851510771
576460752303489012 0.529999997857 0.716554464444
91703 0.529999997857 1.21417222972
110671 0.529999997857 0.366953151017
39304 0.539999998397 1.05556603721
576460760893415121 0.539999998397 0.371146428136
576460760893414780 0.539999998397 5.10749066688
576460752303466542 0.539999998397 0.457003077704
576460760893481439 0.539999998397 0.735964088446
576460760893388313 0.539999998397 4.8254478815
1152921530376747925 0.539999998397 1.07655152991
121844 0.539999998397 7.70907670068
576460752303547240 0.539999998397 1.0090849155
576460752303451561 0.539999998397 0.608592776645
576460752303468299 0.549999997857 1.49652894615
1152921504606921437 0.549999997857 0.286551565201
1152921504606944653 0.549999997857 0.597339966116
121844 0.549999997857 1.17032507781
576460752303547240 0.549999997857 0.547786871986
1152921504606912664 0.549999997857 0.35740089795
2305843060753362061 0.559999998563 23.5622605147
1152921521786757682 0.559999998563 22.9200635194
1729382256910345367 0.569999999434 22.290465383
4035226125117451354 0.589999997951 0.509635842402
4035225575361637466 0.589999997951 0.47556537837
6341077234639515863 0.599999997144 0.569065906218
2882303950495729374 0.599999997144 0.628887375952
3458764651259545310 0.6099999981 1.24943907797
8070564804147871732 0.6099999981 0.430865998302
5764608167279375511 0.629999996816 0.830080993043
5764612565325886615 0.629999996816 1.02951238125
